4 0.32916666666666666 0.6555555555555556 0.08541666666666667 0.14074074074074075
4 0.5083333333333333 0.7944444444444444 0.09791666666666667 0.1111111111111111
4 0.29791666666666666 0.7388888888888889 0.06875 0.08518518518518518
4 0.22760416666666666 0.8981481481481481 0.051041666666666666 0.05925925925925926
4 0.2520833333333333 0.8277777777777777 0.12708333333333333 0.17037037037037037
4 0.38958333333333334 0.6675925925925926 0.09375 0.11296296296296296
4 0.27317708333333335 0.9532407407407407 0.08177083333333333 0.09166666666666666
4 0.240625 0.6638888888888889 0.09375 0.16111111111111112
4 0.36015625 0.9541666666666667 0.09114583333333333 0.08981481481481482
4 0.359375 0.9064814814814814 0.08125 0.10925925925925926
4 0.4354166666666667 0.7435185185185185 0.10208333333333333 0.16111111111111112
4 0.31875 0.8018518518518518 0.07291666666666667 0.12222222222222222
4 0.4864583333333333 0.9361111111111111 0.0875 0.11296296296296296
4 0.25729166666666664 0.7101851851851851 0.08125 0.18333333333333332
5 0.6083333333333333 0.9416666666666667 0.06041666666666667 0.11296296296296296