4 0.2708333333333333 0.30925925925925923 0.058333333333333334 0.040740740740740744
4 0.2604166666666667 0.41944444444444445 0.058333333333333334 0.07962962962962963
4 0.26510416666666664 0.39444444444444443 0.03854166666666667 0.044444444444444446
4 0.3015625 0.525 0.053125 0.05
4 0.30833333333333335 0.5740740740740741 0.0625 0.07037037037037037
4 0.31875 0.32314814814814813 0.07291666666666667 0.08703703703703704
4 0.24583333333333332 0.5601851851851852 0.05 0.07592592592592592
4 0.3875 0.5564814814814815 0.052083333333333336 0.06111111111111111
4 0.3703125 0.6333333333333333 0.057291666666666664 0.05555555555555555
5 0.6041666666666666 0.9527777777777777 0.08333333333333333 0.09074074074074075
4 0.4578125 0.2657407407407407 0.078125 0.03888888888888889
4 0.3807291666666667 0.1388888888888889 0.053125 0.040740740740740744
4 0.365625 0.47962962962962963 0.07291666666666667 0.05925925925925926
4 0.4557291666666667 0.32037037037037036 0.078125 0.02962962962962963
4 0.45260416666666664 0.562037037037037 0.06145833333333333 0.046296296296296294
4 0.3020833333333333 0.6296296296296297 0.058333333333333334 0.05555555555555555
4 0.45677083333333335 0.42592592592592593 0.06979166666666667 0.07037037037037037
4 0.325 0.5907407407407408 0.03125 0.025925925925925925
4 0.34270833333333334 0.42962962962962964 0.06458333333333334 0.04814814814814815