4 0.3578125 0.27314814814814814 0.07395833333333333 0.03518518518518519
4 0.36041666666666666 0.29074074074074074 0.06875 0.04814814814814815
4 0.35520833333333335 0.44351851851851853 0.06041666666666667 0.03148148148148148
4 0.3609375 0.49074074074074076 0.065625 0.044444444444444446
4 0.37135416666666665 0.5407407407407407 0.06145833333333333 0.05185185185185185
4 0.4041666666666667 0.31666666666666665 0.075 0.037037037037037035
4 0.32864583333333336 0.3990740740740741 0.06770833333333333 0.06851851851851852
4 0.384375 0.5592592592592592 0.04791666666666667 0.05185185185185185
4 0.4708333333333333 0.5203703703703704 0.06041666666666667 0.040740740740740744
5 0.6041666666666666 0.9527777777777777 0.08333333333333333 0.09074074074074075
4 0.540625 0.26296296296296295 0.06875 0.03333333333333333
4 0.4557291666666667 0.4462962962962963 0.06145833333333333 0.040740740740740744
4 0.5552083333333333 0.30925925925925923 0.05625 0.02962962962962963
4 0.5140625 0.46111111111111114 0.053125 0.04814814814814815
4 0.38958333333333334 0.5972222222222222 0.06458333333333334 0.046296296296296294
4 0.5041666666666667 0.35833333333333334 0.07083333333333333 0.05740740740740741
4 0.421875 0.4462962962962963 0.04583333333333333 0.02962962962962963
4 0.4427083333333333 0.5157407407407407 0.05 0.03518518518518519
4 0.47291666666666665 0.19722222222222222 0.058333333333333334 0.020370370370370372
4 0.428125 0.487962962962963 0.052083333333333336 0.03148148148148148