4 0.0703125 0.40555555555555556 0.06979166666666667 0.03333333333333333
4 0.06510416666666667 0.8777777777777778 0.05520833333333333 0.037037037037037035
5 0.609375 0.9527777777777777 0.08333333333333333 0.09074074074074075
4 0.13645833333333332 0.7379629629629629 0.07083333333333333 0.046296296296296294
4 0.03854166666666667 0.46574074074074073 0.058333333333333334 0.05
4 0.06822916666666666 0.537962962962963 0.065625 0.04259259259259259
4 0.034375 0.5981481481481481 0.06458333333333334 0.04814814814814815
4 0.0390625 0.6574074074074074 0.059375 0.044444444444444446
4 0.019270833333333334 0.7972222222222223 0.036458333333333336 0.03888888888888889
4 0.028645833333333332 0.6898148148148148 0.057291666666666664 0.03148148148148148
4 0.08385416666666666 0.6990740740740741 0.051041666666666666 0.03148148148148148