4 0.315625 0.6166666666666667 0.08125 0.1259259259259259
4 0.4828125 0.7925925925925926 0.07395833333333333 0.1
4 0.24322916666666666 0.7518518518518519 0.08229166666666667 0.1037037037037037
4 0.1984375 0.8388888888888889 0.071875 0.13703703703703704
4 0.2916666666666667 0.799074074074074 0.15625 0.17962962962962964
4 0.39114583333333336 0.6694444444444444 0.10104166666666667 0.10925925925925926
4 0.24661458333333333 0.9449074074074074 0.0890625 0.10833333333333334
4 0.23229166666666667 0.6287037037037037 0.11458333333333333 0.12037037037037036
4 0.33307291666666666 0.9449074074074074 0.08489583333333334 0.10833333333333334
4 0.23385416666666667 0.8490740740740741 0.03854166666666667 0.07222222222222222
4 0.33541666666666664 0.8740740740740741 0.08333333333333333 0.1259259259259259
4 0.4375 0.6981481481481482 0.10625 0.14814814814814814
4 0.4390625 0.9574074074074074 0.07395833333333333 0.07777777777777778
4 0.446875 0.9296296296296296 0.08333333333333333 0.0962962962962963
4 0.21510416666666668 0.6583333333333333 0.078125 0.17962962962962964
4 0.5182291666666666 0.7351851851851852 0.042708333333333334 0.06296296296296296
5 0.6083333333333333 0.9416666666666667 0.06041666666666667 0.11296296296296296