4 0.3390625 0.7287037037037037 0.11354166666666667 0.1574074074074074
4 0.23229166666666667 0.7675925925925926 0.075 0.13148148148148148
4 0.17630208333333333 0.9699074074074074 0.06302083333333333 0.058333333333333334
4 0.19739583333333333 0.8611111111111112 0.078125 0.11851851851851852
4 0.2578125 0.8898148148148148 0.09895833333333333 0.1574074074074074
4 0.3265625 0.8972222222222223 0.10104166666666667 0.11296296296296296
4 0.39296875 0.9300925925925926 0.13385416666666666 0.13796296296296295
4 0.0921875 0.8055555555555556 0.06979166666666667 0.18518518518518517
4 0.36354166666666665 0.6796296296296296 0.13958333333333334 0.2222222222222222
4 0.22473958333333333 0.9782407407407407 0.06822916666666666 0.041666666666666664
4 0.05572916666666667 0.9592592592592593 0.036458333333333336 0.07407407407407407
5 0.6083333333333333 0.9416666666666667 0.06041666666666667 0.11296296296296296