5 0.4515625 0.9351851851851852 0.07395833333333333 0.10740740740740741
0 0.6395833333333333 0.8296296296296296 0.03958333333333333 0.05185185185185185
4 0.10208333333333333 0.7796296296296297 0.06041666666666667 0.03333333333333333
4 0.08125 0.862037037037037 0.06458333333333334 0.046296296296296294
4 0.06145833333333333 0.7962962962962963 0.0625 0.06296296296296296
4 0.034895833333333334 0.8277777777777777 0.034375 0.037037037037037035
4 0.024479166666666666 0.812962962962963 0.04895833333333333 0.05555555555555555
4 0.039322916666666666 0.9828703703703704 0.0328125 0.032407407407407406
4 0.019791666666666666 0.9148148148148149 0.03958333333333333 0.025925925925925925
4 0.013020833333333334 0.9351851851851852 0.026041666666666668 0.02962962962962963
4 0.014583333333333334 0.8759259259259259 0.027083333333333334 0.025925925925925925