5 0.471875 0.8925925925925926 0.04583333333333333 0.08518518518518518
4 0.7505208333333333 0.7064814814814815 0.065625 0.08703703703703704
4 0.659375 0.7537037037037037 0.0625 0.1259259259259259
0 0.5536458333333333 0.937037037037037 0.028125 0.05185185185185185
4 0.5890625 0.8907407407407407 0.084375 0.17037037037037037
4 0.7135416666666666 0.8861111111111111 0.08125 0.11666666666666667
4 0.8072916666666666 0.8916666666666667 0.027083333333333334 0.09814814814814815
4 0.8338541666666667 0.8648148148148148 0.026041666666666668 0.08148148148148149
4 0.5864583333333333 0.9648148148148148 0.06041666666666667 0.06666666666666667
4 0.5854166666666667 0.9064814814814814 0.01875 0.1388888888888889
4 0.7197916666666667 0.8083333333333333 0.09166666666666666 0.053703703703703705
4 0.7916666666666666 0.825925925925926 0.03125 0.07407407407407407
4 0.68984375 0.9726851851851852 0.050520833333333334 0.05277777777777778
4 0.8322916666666667 0.737037037037037 0.07083333333333333 0.05925925925925926