4 0.15989583333333332 0.7138888888888889 0.07395833333333333 0.03148148148148148
4 0.0875 0.7398148148148148 0.052083333333333336 0.07222222222222222
4 0.13385416666666666 0.9185185185185185 0.06770833333333333 0.040740740740740744
4 0.2713541666666667 0.975 0.057291666666666664 0.03148148148148148
5 0.609375 0.9527777777777777 0.08333333333333333 0.09074074074074075
4 0.278125 0.8018518518518518 0.08333333333333333 0.037037037037037035
4 0.159375 0.6203703703703703 0.06041666666666667 0.040740740740740744
4 0.2171875 0.7481481481481481 0.06979166666666667 0.03333333333333333
4 0.103125 0.9564814814814815 0.06875 0.046296296296296294
4 0.20208333333333334 0.8361111111111111 0.058333333333333334 0.027777777777777776
4 0.13489583333333333 0.7805555555555556 0.078125 0.027777777777777776
4 0.11875 0.8092592592592592 0.05416666666666667 0.03333333333333333