5 0.471875 0.8925925925925926 0.04583333333333333 0.08518518518518518
4 0.7583333333333333 0.7083333333333334 0.07083333333333333 0.053703703703703705
4 0.6697916666666667 0.7379629629629629 0.0625 0.10555555555555556
4 0.5765625 0.9157407407407407 0.08854166666666667 0.1648148148148148
4 0.7104166666666667 0.9018518518518519 0.07916666666666666 0.1111111111111111
4 0.8020833333333334 0.9212962962962963 0.027083333333333334 0.09814814814814815
4 0.8359375 0.8759259259259259 0.026041666666666668 0.0962962962962963
4 0.5893229166666667 0.9736111111111111 0.059895833333333336 0.05092592592592592
4 0.5549479166666667 0.9439814814814815 0.018229166666666668 0.11018518518518519
4 0.75 0.8157407407407408 0.07083333333333333 0.046296296296296294
4 0.8276041666666667 0.7490740740740741 0.071875 0.06851851851851852