4 0.21875 0.5370370370370371 0.05625 0.05185185185185185
4 0.18072916666666666 0.6805555555555556 0.05520833333333333 0.07962962962962963
4 0.18229166666666666 0.6259259259259259 0.03958333333333333 0.037037037037037035
4 0.2296875 0.7185185185185186 0.07604166666666666 0.04814814814814815
4 0.215625 0.5574074074074075 0.07083333333333333 0.05555555555555555
4 0.17395833333333333 0.7444444444444445 0.04791666666666667 0.03333333333333333
4 0.35260416666666666 0.7379629629629629 0.07395833333333333 0.05
4 0.26875 0.8083333333333333 0.04583333333333333 0.03518518518518519
5 0.6041666666666666 0.9527777777777777 0.08333333333333333 0.09074074074074075
4 0.36822916666666666 0.4166666666666667 0.071875 0.03333333333333333
4 0.24583333333333332 0.4111111111111111 0.07083333333333333 0.05185185185185185
4 0.27239583333333334 0.6333333333333333 0.078125 0.04814814814814815
4 0.30833333333333335 0.46296296296296297 0.075 0.05555555555555555
4 0.2942708333333333 0.8037037037037037 0.057291666666666664 0.040740740740740744
4 0.221875 0.7212962962962963 0.06458333333333334 0.04259259259259259
4 0.3859375 0.5583333333333333 0.071875 0.06851851851851852
4 0.26875 0.7481481481481481 0.04583333333333333 0.040740740740740744
4 0.26666666666666666 0.6018518518518519 0.058333333333333334 0.04814814814814815
4 0.23385416666666667 0.6555555555555556 0.042708333333333334 0.025925925925925925