4 0.14895833333333333 0.7638888888888888 0.03333333333333333 0.024074074074074074
4 0.10625 0.687037037037037 0.04791666666666667 0.025925925925925925
4 0.09427083333333333 0.6287037037037037 0.028125 0.020370370370370372
4 0.08802083333333334 0.4981481481481482 0.034375 0.025925925925925925
5 0.46510416666666665 0.9185185185185185 0.06145833333333333 0.1259259259259259
4 0.09583333333333334 0.8333333333333334 0.04583333333333333 0.025925925925925925
4 0.052083333333333336 0.8111111111111111 0.027083333333333334 0.018518518518518517
0 0.6010416666666667 0.9092592592592592 0.041666666666666664 0.05555555555555555
4 0.030208333333333334 0.9527777777777777 0.0375 0.027777777777777776
4 0.07239583333333334 0.8203703703703704 0.023958333333333335 0.022222222222222223
4 0.013541666666666667 0.8768518518518519 0.027083333333333334 0.03888888888888889
4 0.029166666666666667 0.7342592592592593 0.022916666666666665 0.027777777777777776
4 0.008854166666666666 0.5537037037037037 0.017708333333333333 0.018518518518518517
4 0.011979166666666667 0.6175925925925926 0.023958333333333335 0.024074074074074074