5 0.471875 0.8925925925925926 0.04583333333333333 0.08518518518518518
4 0.7557291666666667 0.7166666666666667 0.065625 0.08518518518518518
4 0.6354166666666666 0.7777777777777778 0.06041666666666667 0.0962962962962963
0 0.5520833333333334 0.9407407407407408 0.035416666666666666 0.06296296296296296
4 0.6333333333333333 0.8462962962962963 0.06041666666666667 0.17777777777777778
4 0.7354166666666667 0.8333333333333334 0.058333333333333334 0.15925925925925927
4 0.8333333333333334 0.8611111111111112 0.025 0.07037037037037037
4 0.58515625 0.9699074074074074 0.043229166666666666 0.058333333333333334
4 0.6552083333333333 0.8444444444444444 0.027083333333333334 0.0962962962962963
4 0.6744791666666666 0.8379629629629629 0.06145833333333333 0.07962962962962963
4 0.7885416666666667 0.8101851851851852 0.058333333333333334 0.05
4 0.8088541666666667 0.7175925925925926 0.051041666666666666 0.046296296296296294
4 0.6427083333333333 0.9416666666666667 0.06041666666666667 0.06481481481481481