4 0.36354166666666665 0.674074074074074 0.1 0.1111111111111111
4 0.5166666666666667 0.8138888888888889 0.1 0.10555555555555556
4 0.2609375 0.8916666666666667 0.078125 0.09074074074074075
4 0.28072916666666664 0.8981481481481481 0.11145833333333334 0.15555555555555556
4 0.425 0.6935185185185185 0.08958333333333333 0.13148148148148148
4 0.29348958333333336 0.9736111111111111 0.0765625 0.05092592592592592
4 0.26510416666666664 0.7435185185185185 0.08854166666666667 0.10555555555555556
4 0.36953125 0.9402777777777778 0.08489583333333334 0.1175925925925926
4 0.4505208333333333 0.8009259259259259 0.09270833333333334 0.14629629629629629
4 0.46640625 0.9828703703703704 0.0515625 0.032407407407407406
4 0.34010416666666665 0.8222222222222222 0.06979166666666667 0.0962962962962963
4 0.50625 0.924074074074074 0.09166666666666666 0.1037037037037037
4 0.5552083333333333 0.8657407407407407 0.08125 0.08333333333333333
4 0.2984375 0.7675925925925926 0.08229166666666667 0.1648148148148148
5 0.6083333333333333 0.9416666666666667 0.06041666666666667 0.11296296296296296