4 0.31614583333333335 0.6324074074074074 0.078125 0.09074074074074075
4 0.3104166666666667 0.44722222222222224 0.11041666666666666 0.14629629629629629
4 0.5015625 0.6712962962962963 0.10729166666666666 0.13518518518518519
4 0.2 0.6657407407407407 0.11666666666666667 0.11666666666666667
4 0.4296875 0.7453703703703703 0.057291666666666664 0.06481481481481481
4 0.25885416666666666 0.6851851851851852 0.096875 0.16296296296296298
4 0.16614583333333333 0.7240740740740741 0.103125 0.13703703703703704
4 0.3177083333333333 0.8324074074074074 0.12291666666666666 0.17592592592592593
4 0.33125 0.7314814814814815 0.09375 0.10740740740740741
4 0.21927083333333333 0.8333333333333334 0.115625 0.17777777777777778
4 0.23958333333333334 0.5657407407407408 0.10208333333333333 0.12407407407407407
4 0.23020833333333332 0.9351851851851852 0.06458333333333334 0.1
4 0.24895833333333334 0.8314814814814815 0.0875 0.11851851851851852
4 0.415625 0.6027777777777777 0.12916666666666668 0.11666666666666667
4 0.39895833333333336 0.9546296296296296 0.075 0.07592592592592592
4 0.21145833333333333 0.5324074074074074 0.125 0.1574074074074074
4 0.4588541666666667 0.5611111111111111 0.096875 0.12962962962962962
5 0.6083333333333333 0.9416666666666667 0.06041666666666667 0.11296296296296296