4 0.19739583333333333 0.6648148148148149 0.06145833333333333 0.03333333333333333
4 0.1234375 0.7055555555555556 0.04895833333333333 0.040740740740740744
4 0.16510416666666666 0.8657407407407407 0.057291666666666664 0.05
4 0.3567708333333333 0.899074074074074 0.05520833333333333 0.04259259259259259
5 0.609375 0.9527777777777777 0.08333333333333333 0.09074074074074075
4 0.2796875 0.6944444444444444 0.071875 0.044444444444444446
4 0.1796875 0.637962962962963 0.06770833333333333 0.03888888888888889
4 0.20520833333333333 0.8814814814814815 0.06458333333333334 0.044444444444444446
4 0.2635416666666667 0.6953703703703704 0.05625 0.046296296296296294
4 0.1484375 0.9425925925925925 0.06145833333333333 0.037037037037037035
4 0.315625 0.7620370370370371 0.04375 0.05740740740740741
4 0.23645833333333333 0.8027777777777778 0.052083333333333336 0.04259259259259259
4 0.165625 0.7694444444444445 0.06875 0.03148148148148148
4 0.19947916666666668 0.9268518518518518 0.040625 0.03518518518518519