4 0.346875 0.45092592592592595 0.1125 0.14629629629629629
4 0.484375 0.6703703703703704 0.0875 0.15555555555555556
4 0.18229166666666666 0.6981481481481482 0.10625 0.13703703703703704
4 0.41822916666666665 0.7518518518518519 0.06354166666666666 0.08518518518518518
4 0.28229166666666666 0.7101851851851851 0.0875 0.12777777777777777
4 0.14479166666666668 0.7796296296296297 0.11041666666666666 0.14444444444444443
4 0.28020833333333334 0.8064814814814815 0.12083333333333333 0.22037037037037038
4 0.34270833333333334 0.7027777777777777 0.06666666666666667 0.07592592592592592
4 0.21770833333333334 0.8314814814814815 0.1 0.2037037037037037
4 0.2453125 0.5564814814814815 0.10729166666666666 0.10185185185185185
4 0.2791666666666667 0.9046296296296297 0.10625 0.1388888888888889
4 0.40625 0.5851851851851851 0.10833333333333334 0.17407407407407408
4 0.40572916666666664 0.9037037037037037 0.090625 0.0962962962962963
4 0.4153645833333333 0.9606481481481481 0.10364583333333334 0.07685185185185185
4 0.2125 0.5453703703703704 0.1125 0.17592592592592593
4 0.48020833333333335 0.6064814814814815 0.06458333333333334 0.1685185185185185
5 0.6083333333333333 0.9416666666666667 0.06041666666666667 0.11296296296296296