5 0.471875 0.8925925925925926 0.04583333333333333 0.08518518518518518
4 0.7552083333333334 0.7148148148148148 0.06875 0.07407407407407407
4 0.6364583333333333 0.7898148148148149 0.05625 0.09074074074074075
0 0.5536458333333333 0.9388888888888889 0.040625 0.06666666666666667
4 0.64375 0.8462962962962963 0.05416666666666667 0.17407407407407408
4 0.7458333333333333 0.8314814814814815 0.05625 0.15185185185185185
4 0.8333333333333334 0.8611111111111112 0.025 0.07037037037037037
4 0.5888020833333333 0.9800925925925926 0.03177083333333333 0.03796296296296296
4 0.6697916666666667 0.8611111111111112 0.029166666666666667 0.09259259259259259
4 0.6802083333333333 0.8638888888888889 0.06041666666666667 0.07962962962962963
4 0.7848958333333333 0.812037037037037 0.042708333333333334 0.05
4 0.8 0.7277777777777777 0.05416666666666667 0.05555555555555555
4 0.646875 0.9611111111111111 0.0625 0.06666666666666667