4 0.43072916666666666 0.27314814814814814 0.07604166666666666 0.05
4 0.4015625 0.30648148148148147 0.06145833333333333 0.027777777777777776
4 0.4083333333333333 0.43148148148148147 0.05 0.037037037037037035
4 0.43645833333333334 0.43333333333333335 0.06458333333333334 0.04814814814814815
4 0.4348958333333333 0.43703703703703706 0.065625 0.05555555555555555
4 0.46510416666666665 0.29814814814814816 0.065625 0.03333333333333333
4 0.39895833333333336 0.38333333333333336 0.07083333333333333 0.04814814814814815
4 0.4114583333333333 0.5037037037037037 0.04583333333333333 0.037037037037037035
4 0.5083333333333333 0.5203703703703704 0.052083333333333336 0.025925925925925925
4 0.42552083333333335 0.46574074074074073 0.04479166666666667 0.027777777777777776
5 0.6041666666666666 0.9527777777777777 0.08333333333333333 0.09074074074074075
4 0.6140625 0.2740740740740741 0.06979166666666667 0.037037037037037035
4 0.5375 0.20925925925925926 0.0625 0.025925925925925925
4 0.4973958333333333 0.3990740740740741 0.057291666666666664 0.03888888888888889
4 0.6161458333333333 0.3351851851851852 0.06145833333333333 0.040740740740740744
4 0.5744791666666667 0.4324074074074074 0.034375 0.04259259259259259
4 0.43645833333333334 0.537962962962963 0.05625 0.05740740740740741
4 0.5776041666666667 0.3685185185185185 0.059375 0.03333333333333333
4 0.5130208333333334 0.45925925925925926 0.04895833333333333 0.037037037037037035
4 0.4734375 0.45 0.04895833333333333 0.03333333333333333