4 0.3619791666666667 0.6675925925925926 0.09479166666666666 0.12037037037037036
4 0.5166666666666667 0.8101851851851852 0.1 0.10555555555555556
4 0.27447916666666666 0.8787037037037037 0.11145833333333334 0.17962962962962964
4 0.42291666666666666 0.6787037037037037 0.08958333333333333 0.13148148148148148
4 0.29244791666666664 0.9773148148148149 0.07447916666666667 0.04351851851851852
4 0.26197916666666665 0.7305555555555555 0.08854166666666667 0.12777777777777777
4 0.36380208333333336 0.9421296296296297 0.08802083333333334 0.11388888888888889
4 0.4479166666666667 0.7953703703703704 0.09375 0.14629629629629629
4 0.4669270833333333 0.9837962962962963 0.05260416666666667 0.030555555555555555
4 0.3302083333333333 0.8361111111111111 0.07291666666666667 0.11666666666666667
4 0.5057291666666667 0.924074074074074 0.09479166666666666 0.1
4 0.5541666666666667 0.8629629629629629 0.08125 0.08518518518518518
4 0.2953125 0.7620370370370371 0.08229166666666667 0.1648148148148148
5 0.6083333333333333 0.9416666666666667 0.06041666666666667 0.11296296296296296