5 0.471875 0.8925925925925926 0.04583333333333333 0.08518518518518518
4 0.7552083333333334 0.712037037037037 0.06875 0.05740740740740741
4 0.6385416666666667 0.8046296296296296 0.04375 0.09074074074074075
0 0.5557291666666667 0.9425925925925925 0.040625 0.06666666666666667
4 0.6505208333333333 0.8333333333333334 0.034375 0.18518518518518517
4 0.7557291666666667 0.8398148148148148 0.053125 0.14629629629629629
4 0.8333333333333334 0.8611111111111112 0.025 0.07037037037037037
4 0.6739583333333333 0.8555555555555555 0.022916666666666665 0.07037037037037037
4 0.6822916666666666 0.887962962962963 0.05625 0.07962962962962963
4 0.7723958333333333 0.7444444444444445 0.06354166666666666 0.05555555555555555
4 0.6497395833333334 0.9689814814814814 0.0640625 0.06018518518518518