5 0.471875 0.8925925925925926 0.04583333333333333 0.08518518518518518
4 0.7552083333333334 0.712037037037037 0.06875 0.05740740740740741
4 0.6375 0.8009259259259259 0.04375 0.09074074074074075
0 0.5557291666666667 0.9425925925925925 0.040625 0.06666666666666667
4 0.6489583333333333 0.8379629629629629 0.035416666666666666 0.17962962962962964
4 0.7546875 0.8398148148148148 0.051041666666666666 0.14629629629629629
4 0.8333333333333334 0.8611111111111112 0.025 0.07037037037037037
4 0.6739583333333333 0.8666666666666667 0.025 0.09259259259259259
4 0.6822916666666666 0.8842592592592593 0.05625 0.07962962962962963
4 0.7760416666666666 0.7444444444444445 0.07083333333333333 0.05555555555555555
4 0.6497395833333334 0.9680555555555556 0.0640625 0.062037037037037036