4 0.3421875 0.675 0.08645833333333333 0.1388888888888889
4 0.5135416666666667 0.8055555555555556 0.09791666666666667 0.1111111111111111
4 0.25833333333333336 0.8574074074074074 0.1 0.18518518518518517
4 0.4041666666666667 0.6777777777777778 0.08541666666666667 0.12222222222222222
4 0.2877604166666667 0.9782407407407407 0.06302083333333333 0.041666666666666664
4 0.25625 0.7101851851851851 0.10208333333333333 0.12777777777777777
4 0.36015625 0.9476851851851852 0.09114583333333333 0.10277777777777777
4 0.3765625 0.9101851851851852 0.08645833333333333 0.09814814814814815
4 0.44583333333333336 0.7592592592592593 0.09791666666666667 0.15185185185185185
4 0.325 0.812037037037037 0.075 0.12407407407407407
4 0.4979166666666667 0.9425925925925925 0.08541666666666667 0.1037037037037037
4 0.5520833333333334 0.8453703703703703 0.07916666666666666 0.10185185185185185
4 0.2786458333333333 0.7333333333333333 0.08229166666666667 0.18518518518518517
5 0.6083333333333333 0.9416666666666667 0.06041666666666667 0.11296296296296296