4 0.3359375 0.5194444444444445 0.09479166666666666 0.1425925925925926
4 0.4869791666666667 0.7546296296296297 0.078125 0.12777777777777777
4 0.22760416666666666 0.7324074074074074 0.09895833333333333 0.09444444444444444
4 0.44114583333333335 0.7703703703703704 0.06145833333333333 0.1
4 0.2953125 0.7611111111111111 0.10104166666666667 0.14444444444444443
4 0.1703125 0.8222222222222222 0.07604166666666666 0.14074074074074075
4 0.28958333333333336 0.8305555555555556 0.14166666666666666 0.18703703703703703
4 0.3645833333333333 0.7027777777777777 0.07916666666666666 0.09074074074074075
4 0.23307291666666666 0.9421296296296297 0.07864583333333333 0.11388888888888889
4 0.23177083333333334 0.6046296296296296 0.10729166666666666 0.14629629629629629
4 0.31354166666666666 0.9222222222222223 0.08958333333333333 0.14444444444444443
4 0.33177083333333335 0.8574074074074074 0.08229166666666667 0.11851851851851852
4 0.42864583333333334 0.6703703703703704 0.103125 0.15925925925925927
4 0.43645833333333334 0.9120370370370371 0.0875 0.12777777777777777
4 0.20208333333333334 0.5972222222222222 0.09583333333333334 0.18703703703703703
4 0.49166666666666664 0.7037037037037037 0.05625 0.12962962962962962
5 0.6083333333333333 0.9416666666666667 0.06041666666666667 0.11296296296296296