4 0.16666666666666666 0.700925925925926 0.07083333333333333 0.03148148148148148
4 0.096875 0.7203703703703703 0.052083333333333336 0.06296296296296296
4 0.15572916666666667 0.9111111111111111 0.06770833333333333 0.040740740740740744
4 0.29739583333333336 0.9583333333333334 0.06145833333333333 0.03148148148148148
5 0.609375 0.9527777777777777 0.08333333333333333 0.09074074074074075
4 0.2786458333333333 0.775 0.078125 0.03518518518518519
4 0.175 0.6296296296296297 0.05625 0.03333333333333333
4 0.225 0.7444444444444445 0.05625 0.03333333333333333
4 0.121875 0.962037037037037 0.06875 0.03888888888888889
4 0.21666666666666667 0.8314814814814815 0.05625 0.025925925925925925
4 0.14635416666666667 0.7870370370370371 0.08229166666666667 0.037037037037037035
4 0.17083333333333334 0.9351851851851852 0.04791666666666667 0.025925925925925925