4 0.31875 0.6555555555555556 0.08125 0.11851851851851852
4 0.32395833333333335 0.4324074074074074 0.1 0.1685185185185185
4 0.48489583333333336 0.6546296296296297 0.09479166666666666 0.1388888888888889
4 0.19375 0.6722222222222223 0.11666666666666667 0.12962962962962962
4 0.42135416666666664 0.7462962962962963 0.06145833333333333 0.07407407407407407
4 0.2765625 0.6712962962962963 0.084375 0.17592592592592593
4 0.1578125 0.7694444444444445 0.11770833333333333 0.14629629629629629
4 0.303125 0.7907407407407407 0.1375 0.16666666666666666
4 0.3359375 0.7101851851851851 0.08854166666666667 0.10185185185185185
4 0.20677083333333332 0.8277777777777777 0.115625 0.18888888888888888
4 0.25 0.55 0.10625 0.1
4 0.2609375 0.9148148148148149 0.103125 0.13333333333333333
4 0.23645833333333333 0.8444444444444444 0.04583333333333333 0.08148148148148149
4 0.39739583333333334 0.587037037037037 0.11145833333333334 0.17037037037037037
4 0.4171875 0.9203703703703704 0.090625 0.0962962962962963
4 0.42265625 0.9560185185185185 0.07447916666666667 0.08611111111111111
4 0.2234375 0.5092592592592593 0.10729166666666666 0.17037037037037037
4 0.4666666666666667 0.575 0.07291666666666667 0.1537037037037037
5 0.6083333333333333 0.9416666666666667 0.06041666666666667 0.11296296296296296