4 0.3234375 0.8842592592592593 0.06145833333333333 0.11296296296296296
4 0.11927083333333334 0.6435185185185185 0.053125 0.22037037037037038
4 0.16354166666666667 0.9101851851851852 0.11041666666666666 0.08333333333333333
4 0.10885416666666667 0.7805555555555556 0.053125 0.09814814814814815
4 0.16145833333333334 0.725 0.06875 0.2462962962962963
4 0.2677083333333333 0.8666666666666667 0.08958333333333333 0.11481481481481481
4 0.31484375 0.9486111111111111 0.11302083333333333 0.10092592592592593
4 0.17708333333333334 0.9601851851851851 0.075 0.07222222222222222
4 0.265625 0.6231481481481481 0.09583333333333334 0.22037037037037038
4 0.2630208333333333 0.5555555555555556 0.084375 0.23333333333333334
5 0.6083333333333333 0.9416666666666667 0.06041666666666667 0.11296296296296296