4 0.20260416666666667 0.612037037037037 0.057291666666666664 0.04259259259259259
4 0.16510416666666666 0.7101851851851851 0.065625 0.027777777777777776
4 0.16614583333333333 0.8194444444444444 0.057291666666666664 0.03518518518518519
4 0.325 0.8018518518518518 0.0625 0.05555555555555555
4 0.2265625 0.9111111111111111 0.04479166666666667 0.03333333333333333
5 0.6083333333333333 0.9527777777777777 0.08333333333333333 0.09074074074074075
4 0.30572916666666666 0.5435185185185185 0.071875 0.09444444444444444
4 0.21875 0.5407407407407407 0.06666666666666667 0.044444444444444446
4 0.22708333333333333 0.7953703703703704 0.075 0.05740740740740741
4 0.2916666666666667 0.5898148148148148 0.05625 0.053703703703703705
4 0.2682291666666667 0.9314814814814815 0.046875 0.040740740740740744
4 0.2046875 0.8694444444444445 0.06145833333333333 0.046296296296296294
4 0.33229166666666665 0.6444444444444445 0.05625 0.08148148148148149
4 0.25885416666666666 0.7129629629629629 0.051041666666666666 0.05185185185185185
4 0.17447916666666666 0.7314814814814815 0.07395833333333333 0.02962962962962963