4 0.45260416666666664 0.2657407407407407 0.071875 0.046296296296296294
4 0.41041666666666665 0.30648148148148147 0.06041666666666667 0.027777777777777776
4 0.42083333333333334 0.4203703703703704 0.052083333333333336 0.037037037037037035
4 0.44895833333333335 0.42777777777777776 0.07083333333333333 0.05555555555555555
4 0.4515625 0.42685185185185187 0.065625 0.046296296296296294
4 0.47552083333333334 0.2962962962962963 0.06979166666666667 0.02962962962962963
4 0.4166666666666667 0.37407407407407406 0.06666666666666667 0.05185185185185185
4 0.4161458333333333 0.5055555555555555 0.04479166666666667 0.03333333333333333
4 0.5244791666666667 0.524074074074074 0.05520833333333333 0.02962962962962963
4 0.4390625 0.46574074074074073 0.04479166666666667 0.027777777777777776
5 0.6041666666666666 0.9527777777777777 0.08333333333333333 0.09074074074074075
4 0.6286458333333333 0.2675925925925926 0.06770833333333333 0.03888888888888889
4 0.5458333333333333 0.2212962962962963 0.06458333333333334 0.027777777777777776
4 0.5109375 0.3990740740740741 0.06145833333333333 0.03888888888888889
4 0.6286458333333333 0.3314814814814815 0.04479166666666667 0.044444444444444446
4 0.5817708333333333 0.44351851851851853 0.034375 0.04259259259259259
4 0.446875 0.525 0.058333333333333334 0.06851851851851852
4 0.5838541666666667 0.37037037037037035 0.040625 0.037037037037037035
4 0.5338541666666666 0.4527777777777778 0.05520833333333333 0.03518518518518519
4 0.4822916666666667 0.4462962962962963 0.05416666666666667 0.040740740740740744