5 0.45260416666666664 0.9333333333333333 0.07395833333333333 0.10740740740740741
0 0.6463541666666667 0.8092592592592592 0.04479166666666667 0.05555555555555555
4 0.016666666666666666 0.7324074074074074 0.03333333333333333 0.024074074074074074
4 0.0515625 0.7731481481481481 0.06145833333333333 0.03148148148148148
4 0.023958333333333335 0.6990740740740741 0.04791666666666667 0.03148148148148148
4 0.06302083333333333 0.587037037037037 0.06979166666666667 0.05185185185185185
4 0.019270833333333334 0.8064814814814815 0.03854166666666667 0.03148148148148148
4 0.0265625 0.8527777777777777 0.053125 0.03888888888888889
4 0.05572916666666667 0.5296296296296297 0.06145833333333333 0.04814814814814815
4 0.010416666666666666 0.7675925925925926 0.020833333333333332 0.027777777777777776
4 0.028125 0.38055555555555554 0.025 0.10555555555555556