4 0.35104166666666664 0.46944444444444444 0.09583333333333334 0.13148148148148148
4 0.49947916666666664 0.7092592592592593 0.090625 0.14814814814814814
4 0.2109375 0.712037037037037 0.103125 0.10185185185185185
4 0.428125 0.7574074074074074 0.06666666666666667 0.1
4 0.2947916666666667 0.7203703703703703 0.09791666666666667 0.14444444444444443
4 0.14739583333333334 0.8074074074074075 0.084375 0.14074074074074075
4 0.29010416666666666 0.8398148148148148 0.11770833333333333 0.21296296296296297
4 0.3494791666666667 0.7 0.07395833333333333 0.1037037037037037
4 0.23645833333333333 0.9009259259259259 0.1 0.18703703703703703
4 0.2359375 0.5740740740740741 0.11145833333333334 0.1259259259259259
4 0.3026041666666667 0.9166666666666666 0.103125 0.14074074074074075
4 0.32135416666666666 0.8537037037037037 0.078125 0.11851851851851852
4 0.4239583333333333 0.6277777777777778 0.10208333333333333 0.17777777777777778
4 0.37916666666666665 0.950925925925926 0.03958333333333333 0.07222222222222222
4 0.4166666666666667 0.9231481481481482 0.08333333333333333 0.09814814814814815
4 0.20104166666666667 0.5703703703703704 0.11666666666666667 0.16296296296296298
4 0.49114583333333334 0.6518518518518519 0.065625 0.1111111111111111
5 0.6083333333333333 0.9416666666666667 0.06041666666666667 0.11296296296296296