4 0.22708333333333333 0.9166666666666666 0.07291666666666667 0.16296296296296298
4 0.058854166666666666 0.5222222222222223 0.051041666666666666 0.23333333333333334
4 0.11927083333333334 0.8240740740740741 0.096875 0.15555555555555556
4 0.08333333333333333 0.6712962962962963 0.07083333333333333 0.17962962962962964
4 0.027604166666666666 0.6805555555555556 0.051041666666666666 0.20185185185185187
4 0.038802083333333334 0.9625 0.0671875 0.07314814814814814
4 0.23385416666666667 0.8175925925925925 0.109375 0.13148148148148148
4 0.12135416666666667 0.8824074074074074 0.07395833333333333 0.20925925925925926
4 0.1890625 0.5481481481481482 0.07395833333333333 0.22962962962962963
4 0.1375 0.5277777777777778 0.04791666666666667 0.24444444444444444
5 0.6083333333333333 0.9416666666666667 0.06041666666666667 0.11296296296296296