4 0.3338541666666667 0.6611111111111111 0.08854166666666667 0.14444444444444443
4 0.5114583333333333 0.7916666666666666 0.09583333333333334 0.10925925925925926
4 0.25104166666666666 0.8351851851851851 0.11666666666666667 0.1814814814814815
4 0.390625 0.6712962962962963 0.09166666666666666 0.11666666666666667
4 0.27838541666666666 0.9550925925925926 0.08385416666666666 0.08796296296296297
4 0.24322916666666666 0.6814814814814815 0.09270833333333334 0.15185185185185185
4 0.36015625 0.9541666666666667 0.09114583333333333 0.08981481481481482
4 0.3625 0.9101851851851852 0.07916666666666666 0.11296296296296296
4 0.4375 0.7527777777777778 0.10208333333333333 0.16111111111111112
4 0.3223958333333333 0.8037037037037037 0.071875 0.1259259259259259
4 0.49270833333333336 0.9388888888888889 0.0875 0.11481481481481481
4 0.5479166666666667 0.8277777777777777 0.08541666666666667 0.09259259259259259
4 0.265625 0.7138888888888889 0.07916666666666666 0.18333333333333332
5 0.6083333333333333 0.9416666666666667 0.06041666666666667 0.11296296296296296