4 0.34270833333333334 0.7398148148148148 0.09166666666666666 0.10185185185185185
4 0.30572916666666666 0.7509259259259259 0.134375 0.07592592592592592
4 0.4479166666666667 0.6907407407407408 0.14166666666666666 0.09259259259259259
4 0.56875 0.8444444444444444 0.14583333333333334 0.0962962962962963
4 0.2677083333333333 0.8824074074074074 0.11875 0.07962962962962963
4 0.4661458333333333 0.8861111111111111 0.09270833333333334 0.06481481481481481
4 0.31927083333333334 0.9453703703703704 0.103125 0.07222222222222222
4 0.20859375 0.9541666666666667 0.10052083333333334 0.08981481481481482
4 0.32838541666666665 0.9810185185185185 0.09427083333333333 0.03611111111111111
4 0.4703125 0.9296296296296296 0.14270833333333333 0.07777777777777778
4 0.2109375 0.8064814814814815 0.11770833333333333 0.10555555555555556
4 0.4984375 0.7972222222222223 0.13229166666666667 0.10185185185185185
5 0.6083333333333333 0.9416666666666667 0.06041666666666667 0.11296296296296296