5 0.471875 0.8925925925925926 0.04583333333333333 0.08518518518518518
4 0.7515625 0.7092592592592593 0.065625 0.1
4 0.6375 0.7694444444444445 0.058333333333333334 0.10185185185185185
0 0.5520833333333334 0.9407407407407408 0.035416666666666666 0.06296296296296296
4 0.6223958333333334 0.8462962962962963 0.057291666666666664 0.16666666666666666
4 0.728125 0.8518518518518519 0.06666666666666667 0.14444444444444443
4 0.8333333333333334 0.8611111111111112 0.025 0.07037037037037037
4 0.5825520833333333 0.9597222222222223 0.05260416666666667 0.0787037037037037
4 0.6421875 0.8453703703703703 0.017708333333333333 0.09444444444444444
4 0.6776041666666667 0.8138888888888889 0.06354166666666666 0.09444444444444444
4 0.7880208333333333 0.8018518518518518 0.057291666666666664 0.07037037037037037
4 0.6463541666666667 0.9324074074074075 0.065625 0.07962962962962963
4 0.8239583333333333 0.7101851851851851 0.06458333333333334 0.053703703703703705