4 0.3260416666666667 0.6203703703703703 0.09583333333333334 0.11481481481481481
4 0.3151041666666667 0.4351851851851852 0.09479166666666666 0.16296296296296298
4 0.48125 0.6657407407407407 0.09166666666666666 0.10925925925925926
4 0.19322916666666667 0.6731481481481482 0.11770833333333333 0.12407407407407407
4 0.4239583333333333 0.7425925925925926 0.0625 0.07407407407407407
4 0.26510416666666664 0.6694444444444444 0.078125 0.18703703703703703
4 0.16666666666666666 0.7453703703703703 0.10625 0.15
4 0.3072916666666667 0.8083333333333333 0.1375 0.1648148148148148
4 0.3416666666666667 0.7064814814814815 0.09791666666666667 0.10925925925925926
4 0.2109375 0.8351851851851851 0.11770833333333333 0.17037037037037037
4 0.24114583333333334 0.5583333333333333 0.09270833333333334 0.10925925925925926
4 0.2520833333333333 0.9212962962962963 0.10208333333333333 0.12777777777777777
4 0.24947916666666667 0.8425925925925926 0.090625 0.09259259259259259
4 0.4036458333333333 0.5768518518518518 0.11979166666666667 0.1537037037037037
4 0.40729166666666666 0.9314814814814815 0.08333333333333333 0.1037037037037037
4 0.4158854166666667 0.9569444444444445 0.07552083333333333 0.08425925925925926
4 0.2140625 0.5009259259259259 0.11145833333333334 0.18333333333333332
4 0.46197916666666666 0.5648148148148148 0.078125 0.14074074074074075
5 0.6083333333333333 0.9416666666666667 0.06041666666666667 0.11296296296296296