4 0.33177083333333335 0.6675925925925926 0.08854166666666667 0.11296296296296296
4 0.3411458333333333 0.4462962962962963 0.109375 0.15925925925925927
4 0.48489583333333336 0.6638888888888889 0.090625 0.15
4 0.18125 0.6981481481481482 0.10833333333333334 0.12962962962962962
4 0.4192708333333333 0.7518518518518519 0.06145833333333333 0.07407407407407407
4 0.28177083333333336 0.6990740740740741 0.090625 0.13518518518518519
4 0.14791666666666667 0.7731481481481481 0.11666666666666667 0.14629629629629629
4 0.2859375 0.8 0.13020833333333334 0.2037037037037037
4 0.35052083333333334 0.7 0.06354166666666666 0.07777777777777778
4 0.2125 0.8314814814814815 0.1 0.2037037037037037
4 0.24427083333333333 0.5601851851851852 0.10520833333333333 0.10185185185185185
4 0.2765625 0.9055555555555556 0.103125 0.13333333333333333
4 0.40520833333333334 0.5879629629629629 0.10833333333333334 0.1648148148148148
4 0.4119791666666667 0.9092592592592592 0.090625 0.0962962962962963
4 0.4205729166666667 0.9560185185185185 0.0953125 0.08611111111111111
4 0.21302083333333333 0.5444444444444444 0.109375 0.1814814814814815
4 0.475 0.5972222222222222 0.06666666666666667 0.1685185185185185
5 0.6083333333333333 0.9416666666666667 0.06041666666666667 0.11296296296296296