5 0.4515625 0.9351851851851852 0.07395833333333333 0.10740740740740741
0 0.6385416666666667 0.8296296296296296 0.03958333333333333 0.05185185185185185
4 0.10052083333333334 0.7777777777777778 0.06145833333333333 0.03333333333333333
4 0.07916666666666666 0.8629629629629629 0.06458333333333334 0.04814814814814815
4 0.06197916666666667 0.799074074074074 0.06145833333333333 0.06481481481481481
4 0.033854166666666664 0.825925925925926 0.034375 0.037037037037037035
4 0.024479166666666666 0.8194444444444444 0.04895833333333333 0.053703703703703705
4 0.019791666666666666 0.9148148148148149 0.03958333333333333 0.025925925925925925
4 0.039322916666666666 0.9828703703703704 0.0328125 0.032407407407407406
4 0.013020833333333334 0.9351851851851852 0.026041666666666668 0.02962962962962963
4 0.014583333333333334 0.8759259259259259 0.027083333333333334 0.025925925925925925