5 0.45260416666666664 0.9333333333333333 0.07395833333333333 0.10740740740740741
0 0.6463541666666667 0.8055555555555556 0.04479166666666667 0.05555555555555555
4 0.013020833333333334 0.7305555555555555 0.026041666666666668 0.024074074074074074
4 0.041666666666666664 0.7712962962962963 0.06458333333333334 0.027777777777777776
4 0.01875 0.7064814814814815 0.0375 0.027777777777777776
4 0.05677083333333333 0.5648148148148148 0.07395833333333333 0.044444444444444446
4 0.0234375 0.8101851851851852 0.046875 0.03148148148148148
4 0.028125 0.8722222222222222 0.05625 0.040740740740740744
4 0.0453125 0.5120370370370371 0.065625 0.04259259259259259
4 0.017708333333333333 0.7518518518518519 0.035416666666666666 0.025925925925925925
4 0.046875 0.36666666666666664 0.029166666666666667 0.10740740740740741