4 0.22291666666666668 0.49907407407407406 0.052083333333333336 0.05740740740740741
4 0.178125 0.6111111111111112 0.052083333333333336 0.08148148148148149
4 0.20208333333333334 0.5740740740740741 0.04375 0.05185185185185185
4 0.25416666666666665 0.6805555555555556 0.07916666666666666 0.05
4 0.22864583333333333 0.5074074074074074 0.065625 0.06296296296296296
4 0.2015625 0.6861111111111111 0.057291666666666664 0.05
4 0.36875 0.7111111111111111 0.07291666666666667 0.044444444444444446
4 0.2765625 0.8046296296296296 0.04895833333333333 0.03888888888888889
5 0.6041666666666666 0.9527777777777777 0.08333333333333333 0.09074074074074075
4 0.42604166666666665 0.3861111111111111 0.075 0.04259259259259259
4 0.26510416666666664 0.38981481481481484 0.06770833333333333 0.04259259259259259
4 0.30416666666666664 0.6138888888888889 0.07916666666666666 0.05
4 0.31354166666666666 0.4305555555555556 0.06041666666666667 0.046296296296296294
4 0.33177083333333335 0.7527777777777778 0.06145833333333333 0.046296296296296294
4 0.23229166666666667 0.7175925925925926 0.06458333333333334 0.04259259259259259
4 0.4041666666666667 0.5231481481481481 0.08125 0.05740740740740741
4 0.2760416666666667 0.7342592592592593 0.04583333333333333 0.046296296296296294
4 0.2677083333333333 0.5962962962962963 0.05 0.03333333333333333
4 0.2546875 0.6324074074074074 0.046875 0.03148148148148148