5 0.471875 0.8925925925925926 0.04583333333333333 0.08518518518518518
4 0.7505208333333333 0.7046296296296296 0.065625 0.08703703703703704
4 0.6625 0.7490740740740741 0.0625 0.12407407407407407
4 0.5848958333333333 0.8972222222222223 0.090625 0.17592592592592593
4 0.7130208333333333 0.8888888888888888 0.08229166666666667 0.11481481481481481
4 0.8083333333333333 0.8898148148148148 0.027083333333333334 0.09814814814814815
4 0.8348958333333333 0.8685185185185185 0.026041666666666668 0.09259259259259259
4 0.5877604166666667 0.9680555555555556 0.0609375 0.062037037037037036
4 0.5776041666666667 0.912962962962963 0.017708333333333333 0.14074074074074075
4 0.7255208333333333 0.8101851851851852 0.08645833333333333 0.05
4 0.69453125 0.9763888888888889 0.04114583333333333 0.04537037037037037
4 0.8302083333333333 0.7398148148148148 0.07083333333333333 0.05740740740740741