5 0.471875 0.8925925925925926 0.04583333333333333 0.08518518518518518
4 0.7526041666666666 0.7166666666666667 0.065625 0.08888888888888889
4 0.6354166666666666 0.775 0.06041666666666667 0.09814814814814815
0 0.5520833333333334 0.9407407407407408 0.035416666666666666 0.06296296296296296
4 0.63125 0.8453703703703703 0.06041666666666667 0.17592592592592593
4 0.7338541666666667 0.8351851851851851 0.059375 0.15925925925925927
4 0.8333333333333334 0.8611111111111112 0.025 0.07037037037037037
4 0.58359375 0.9689814814814814 0.044270833333333336 0.06018518518518518
4 0.6536458333333334 0.8444444444444444 0.026041666666666668 0.0962962962962963
4 0.6723958333333333 0.8351851851851851 0.06145833333333333 0.08148148148148149
4 0.7885416666666667 0.8101851851851852 0.058333333333333334 0.05
4 0.8125 0.7157407407407408 0.052083333333333336 0.046296296296296294
4 0.6427083333333333 0.937037037037037 0.06041666666666667 0.06666666666666667