4 0.15260416666666668 0.6768518518518518 0.04895833333333333 0.1574074074074074
4 0.17760416666666667 0.9055555555555556 0.11770833333333333 0.08888888888888889
4 0.13333333333333333 0.7935185185185185 0.09791666666666667 0.12777777777777777
4 0.184375 0.8138888888888889 0.06875 0.21296296296296297
4 0.278125 0.875 0.08333333333333333 0.10185185185185185
4 0.35078125 0.9393518518518519 0.12239583333333333 0.11944444444444445
4 0.0171875 0.7296296296296296 0.034375 0.16296296296296298
4 0.19739583333333333 0.9694444444444444 0.078125 0.05740740740740741
4 0.2791666666666667 0.7 0.07083333333333333 0.14444444444444443
4 0.30416666666666664 0.5907407407407408 0.1 0.2222222222222222
5 0.6083333333333333 0.9416666666666667 0.06041666666666667 0.11296296296296296