5 0.45260416666666664 0.9333333333333333 0.07395833333333333 0.10740740740740741
0 0.6473958333333333 0.8074074074074075 0.04479166666666667 0.05555555555555555
4 0.016145833333333335 0.7324074074074074 0.03229166666666667 0.024074074074074074
4 0.05 0.7731481481481481 0.06041666666666667 0.03148148148148148
4 0.022916666666666665 0.700925925925926 0.04583333333333333 0.03148148148148148
4 0.06197916666666667 0.5824074074074074 0.071875 0.05
4 0.0203125 0.8064814814814815 0.040625 0.03148148148148148
4 0.025 0.8601851851851852 0.05 0.03888888888888889
4 0.0546875 0.524074074074074 0.06354166666666666 0.040740740740740744
4 0.011458333333333333 0.7601851851851852 0.022916666666666665 0.027777777777777776
4 0.030208333333333334 0.36944444444444446 0.027083333333333334 0.11296296296296296