4 0.15052083333333333 0.7527777777777778 0.03229166666666667 0.024074074074074074
4 0.1015625 0.674074074074074 0.04895833333333333 0.025925925925925925
4 0.08697916666666666 0.6231481481481481 0.028125 0.020370370370370372
4 0.084375 0.49537037037037035 0.027083333333333334 0.027777777777777776
5 0.46510416666666665 0.9185185185185185 0.06145833333333333 0.1259259259259259
4 0.09479166666666666 0.8305555555555556 0.04583333333333333 0.027777777777777776
4 0.04583333333333333 0.8037037037037037 0.029166666666666667 0.018518518518518517
0 0.6010416666666667 0.9092592592592592 0.041666666666666664 0.05555555555555555
4 0.03125 0.9453703703703704 0.0375 0.027777777777777776
4 0.065625 0.8185185185185185 0.025 0.022222222222222223
4 0.022395833333333334 0.7305555555555555 0.019791666666666666 0.024074074074074074
4 0.0109375 0.6185185185185185 0.021875 0.022222222222222223