5 0.471875 0.8925925925925926 0.04583333333333333 0.08518518518518518
4 0.7578125 0.7074074074074074 0.06770833333333333 0.05925925925925926
4 0.6713541666666667 0.7333333333333333 0.059375 0.09259259259259259
4 0.57578125 0.9189814814814815 0.08489583333333334 0.16018518518518518
4 0.709375 0.9101851851851852 0.07916666666666666 0.12037037037037036
4 0.7989583333333333 0.9268518518518518 0.027083333333333334 0.09814814814814815
4 0.8359375 0.8777777777777778 0.026041666666666668 0.0962962962962963
4 0.58828125 0.975462962962963 0.05572916666666667 0.04722222222222222
4 0.5486979166666667 0.961574074074074 0.018229166666666668 0.075
4 0.7604166666666666 0.8472222222222222 0.07083333333333333 0.06851851851851852
4 0.83125 0.7546296296296297 0.07291666666666667 0.06851851851851852