5 0.471875 0.8925925925925926 0.04583333333333333 0.08518518518518518
4 0.7515625 0.7074074074074074 0.065625 0.1
4 0.6395833333333333 0.7675925925925926 0.05625 0.10555555555555556
0 0.5526041666666667 0.9407407407407408 0.036458333333333336 0.06666666666666667
4 0.6161458333333333 0.8472222222222222 0.059375 0.1685185185185185
4 0.7244791666666667 0.8666666666666667 0.06979166666666667 0.12962962962962962
4 0.8322916666666667 0.8611111111111112 0.025 0.07037037037037037
4 0.58359375 0.9560185185185185 0.05677083333333333 0.08611111111111111
4 0.6328125 0.8574074074074074 0.017708333333333333 0.1037037037037037
4 0.6760416666666667 0.8064814814814815 0.07291666666666667 0.08703703703703704
4 0.7864583333333334 0.7962962962962963 0.06041666666666667 0.08148148148148149
4 0.6541666666666667 0.937962962962963 0.06875 0.08333333333333333
4 0.8265625 0.7138888888888889 0.065625 0.053703703703703705