4 0.234375 0.4203703703703704 0.05625 0.06296296296296296
4 0.19739583333333333 0.5277777777777778 0.059375 0.06296296296296296
4 0.240625 0.5101851851851852 0.04583333333333333 0.03888888888888889
4 0.3375 0.6361111111111111 0.05416666666666667 0.03148148148148148
4 0.26666666666666666 0.6518518518518519 0.06666666666666667 0.07037037037037037
4 0.2578125 0.4601851851851852 0.07395833333333333 0.05
4 0.23645833333333333 0.6435185185185185 0.052083333333333336 0.05740740740740741
4 0.40677083333333336 0.587037037037037 0.065625 0.07407407407407407
4 0.303125 0.7851851851851852 0.05416666666666667 0.037037037037037035
5 0.6041666666666666 0.9527777777777777 0.08333333333333333 0.09074074074074075
4 0.4427083333333333 0.2722222222222222 0.075 0.08518518518518518
4 0.3151041666666667 0.2824074074074074 0.053125 0.053703703703703705
4 0.33229166666666665 0.5601851851851852 0.07083333333333333 0.04259259259259259
4 0.39791666666666664 0.32037037037037036 0.07291666666666667 0.04814814814814815
4 0.40208333333333335 0.6148148148148148 0.06666666666666667 0.07407407407407407
4 0.25104166666666666 0.6861111111111111 0.05625 0.05740740740740741
4 0.44635416666666666 0.42407407407407405 0.06979166666666667 0.07777777777777778
4 0.30625 0.7027777777777777 0.04375 0.03888888888888889
4 0.284375 0.5851851851851851 0.04583333333333333 0.040740740740740744