4 0.18177083333333333 0.6907407407407408 0.053125 0.14074074074074075
4 0.14427083333333332 0.9259259259259259 0.04895833333333333 0.08518518518518518
4 0.15677083333333333 0.7935185185185185 0.11354166666666667 0.16111111111111112
4 0.2 0.8657407407407407 0.07291666666666667 0.23148148148148148
4 0.29010416666666666 0.8842592592592593 0.08854166666666667 0.09074074074074075
4 0.35546875 0.9393518518518519 0.1296875 0.11944444444444445
4 0.024479166666666666 0.7796296296296297 0.04895833333333333 0.16666666666666666
4 0.20833333333333334 0.9740740740740741 0.07708333333333334 0.04814814814814815
4 0.29375 0.7277777777777777 0.07083333333333333 0.10740740740740741
4 0.325 0.6166666666666667 0.11041666666666666 0.23333333333333334
5 0.6083333333333333 0.9416666666666667 0.06041666666666667 0.11296296296296296