4 0.13333333333333333 0.5351851851851852 0.06875 0.03333333333333333
4 0.19166666666666668 0.9574074074074074 0.05625 0.03333333333333333
5 0.609375 0.9527777777777777 0.08333333333333333 0.09074074074074075
4 0.18802083333333333 0.812037037037037 0.08229166666666667 0.05
4 0.09791666666666667 0.5740740740740741 0.06041666666666667 0.040740740740740744
4 0.14166666666666666 0.6481481481481481 0.075 0.037037037037037035
4 0.078125 0.7342592592592593 0.07083333333333333 0.04259259259259259
4 0.10729166666666666 0.7703703703703704 0.058333333333333334 0.037037037037037035
4 0.06979166666666667 0.8916666666666667 0.041666666666666664 0.05740740740740741
4 0.1046875 0.799074074074074 0.06770833333333333 0.03148148148148148
4 0.13020833333333334 0.8203703703703704 0.052083333333333336 0.040740740740740744