4 0.26927083333333335 0.32314814814814813 0.059375 0.03888888888888889
4 0.2526041666666667 0.44537037037037036 0.06145833333333333 0.06851851851851852
4 0.26197916666666665 0.3962962962962963 0.03854166666666667 0.044444444444444446
4 0.30625 0.5305555555555556 0.05 0.05
4 0.30416666666666664 0.5740740740740741 0.0625 0.07037037037037037
4 0.31145833333333334 0.34444444444444444 0.06666666666666667 0.08148148148148149
4 0.24583333333333332 0.5777777777777777 0.05 0.06666666666666667
4 0.3890625 0.5527777777777778 0.04895833333333333 0.06851851851851852
4 0.36614583333333334 0.6444444444444445 0.057291666666666664 0.04814814814814815
5 0.6041666666666666 0.9527777777777777 0.08333333333333333 0.09074074074074075
4 0.45625 0.2564814814814815 0.07916666666666666 0.03888888888888889
4 0.3723958333333333 0.14629629629629629 0.065625 0.05555555555555555
4 0.365625 0.4777777777777778 0.07291666666666667 0.06296296296296296
4 0.4375 0.3138888888888889 0.07083333333333333 0.03518518518518519
4 0.4453125 0.5675925925925925 0.06145833333333333 0.046296296296296294
4 0.29583333333333334 0.65 0.06041666666666667 0.04814814814814815
4 0.4557291666666667 0.4305555555555556 0.06979166666666667 0.06111111111111111
4 0.32395833333333335 0.6018518518518519 0.03125 0.025925925925925925
4 0.3338541666666667 0.4388888888888889 0.065625 0.05555555555555555