5 0.471875 0.8925925925925926 0.04583333333333333 0.08518518518518518
4 0.7505208333333333 0.7074074074074074 0.065625 0.1
4 0.6494791666666667 0.7546296296296297 0.046875 0.09444444444444444
0 0.5526041666666667 0.9388888888888889 0.036458333333333336 0.06666666666666667
4 0.60625 0.8675925925925926 0.05625 0.15
4 0.71875 0.8796296296296297 0.07291666666666667 0.11481481481481481
4 0.8072916666666666 0.8916666666666667 0.027083333333333334 0.09814814814814815
4 0.83125 0.862037037037037 0.025 0.07222222222222222
4 0.58359375 0.9587962962962963 0.0546875 0.08055555555555556
4 0.6145833333333334 0.8675925925925926 0.020833333333333332 0.10185185185185185
4 0.6942708333333333 0.8009259259259259 0.084375 0.07592592592592592
4 0.7864583333333334 0.8027777777777778 0.04791666666666667 0.08703703703703704
4 0.6677083333333333 0.95 0.06666666666666667 0.08148148148148149
4 0.8302083333333333 0.7222222222222222 0.06666666666666667 0.05925925925925926