4 0.20052083333333334 0.6212962962962963 0.057291666666666664 0.04259259259259259
4 0.16302083333333334 0.7101851851851851 0.065625 0.027777777777777776
4 0.16614583333333333 0.8231481481481482 0.057291666666666664 0.03518518518518519
4 0.3255208333333333 0.8166666666666667 0.05520833333333333 0.05925925925925926
4 0.2359375 0.9296296296296296 0.04479166666666667 0.03333333333333333
5 0.6083333333333333 0.9527777777777777 0.08333333333333333 0.09074074074074075
4 0.30052083333333335 0.5583333333333333 0.071875 0.09444444444444444
4 0.215625 0.55 0.06666666666666667 0.044444444444444446
4 0.225 0.8101851851851852 0.06458333333333334 0.05740740740740741
4 0.2875 0.6046296296296296 0.05625 0.053703703703703705
4 0.2682291666666667 0.9388888888888889 0.046875 0.040740740740740744
4 0.2015625 0.8787037037037037 0.06145833333333333 0.046296296296296294
4 0.3302083333333333 0.6592592592592592 0.05625 0.07037037037037037
4 0.25885416666666666 0.7203703703703703 0.051041666666666666 0.05185185185185185
4 0.17135416666666667 0.737037037037037 0.07395833333333333 0.02962962962962963