5 0.45260416666666664 0.9333333333333333 0.07395833333333333 0.10740740740740741
0 0.6416666666666667 0.8018518518518518 0.04375 0.05185185185185185
4 0.013541666666666667 0.7222222222222222 0.027083333333333334 0.018518518518518517
4 0.014583333333333334 0.8157407407407408 0.029166666666666667 0.020370370370370372
4 0.0359375 0.7166666666666667 0.057291666666666664 0.05185185185185185
4 0.030729166666666665 0.6287037037037037 0.06145833333333333 0.03518518518518519
4 0.0359375 0.8796296296296297 0.065625 0.037037037037037035
4 0.0640625 0.9583333333333334 0.084375 0.046296296296296294
4 0.044270833333333336 0.6185185185185185 0.06145833333333333 0.025925925925925925
4 0.08385416666666666 0.8064814814814815 0.078125 0.05
4 0.011979166666666667 0.47314814814814815 0.023958333333333335 0.06111111111111111