4 0.16302083333333334 0.7101851851851851 0.07395833333333333 0.03148148148148148
4 0.08958333333333333 0.7361111111111112 0.052083333333333336 0.06851851851851852
4 0.14010416666666667 0.912962962962963 0.06770833333333333 0.040740740740740744
4 0.28489583333333335 0.9638888888888889 0.057291666666666664 0.03148148148148148
5 0.609375 0.9527777777777777 0.08333333333333333 0.09074074074074075
4 0.27708333333333335 0.7935185185185185 0.08125 0.03888888888888889
4 0.165625 0.6240740740740741 0.06041666666666667 0.037037037037037035
4 0.22135416666666666 0.7462962962962963 0.06979166666666667 0.03333333333333333
4 0.11041666666666666 0.9601851851851851 0.06875 0.03888888888888889
4 0.20625 0.8333333333333334 0.05625 0.025925925925925925
4 0.13697916666666668 0.7842592592592592 0.078125 0.027777777777777776
4 0.16979166666666667 0.9351851851851852 0.04791666666666667 0.025925925925925925
4 0.12083333333333333 0.8074074074074075 0.05 0.02962962962962963