5 0.45260416666666664 0.9333333333333333 0.07395833333333333 0.10740740740740741
0 0.6421875 0.8037037037037037 0.04479166666666667 0.05555555555555555
4 0.0125 0.7194444444444444 0.025 0.016666666666666666
4 0.017708333333333333 0.8074074074074075 0.035416666666666666 0.025925925925925925
4 0.025 0.7268518518518519 0.05 0.046296296296296294
4 0.027083333333333334 0.6111111111111112 0.05416666666666667 0.025925925925925925
4 0.033854166666666664 0.8777777777777778 0.06770833333333333 0.025925925925925925
4 0.06510416666666667 0.9703703703703703 0.08229166666666667 0.044444444444444446
4 0.030729166666666665 0.5898148148148148 0.06145833333333333 0.027777777777777776
4 0.06666666666666667 0.7824074074074074 0.07708333333333334 0.05
4 0.014583333333333334 0.43703703703703706 0.029166666666666667 0.06666666666666667