4 0.4796875 0.29259259259259257 0.06145833333333333 0.03333333333333333
4 0.43854166666666666 0.3212962962962963 0.05416666666666667 0.027777777777777776
4 0.4515625 0.4148148148148148 0.05520833333333333 0.037037037037037035
4 0.4828125 0.43425925925925923 0.06979166666666667 0.04259259259259259
4 0.4817708333333333 0.43796296296296294 0.071875 0.04259259259259259
4 0.5088541666666667 0.30185185185185187 0.059375 0.02962962962962963
4 0.44947916666666665 0.3638888888888889 0.06354166666666666 0.05
4 0.45729166666666665 0.5009259259259259 0.041666666666666664 0.027777777777777776
4 0.4640625 0.4638888888888889 0.04479166666666667 0.027777777777777776
5 0.6041666666666666 0.9527777777777777 0.08333333333333333 0.09074074074074075
4 0.6510416666666666 0.26481481481481484 0.05416666666666667 0.037037037037037035
4 0.546875 0.23981481481481481 0.05625 0.027777777777777776
4 0.5510416666666667 0.3990740740740741 0.06666666666666667 0.04259259259259259
4 0.6505208333333333 0.32037037037037036 0.04479166666666667 0.044444444444444446
4 0.61875 0.38981481481481484 0.04791666666666667 0.04259259259259259
4 0.5567708333333333 0.5287037037037037 0.040625 0.03148148148148148
4 0.490625 0.49537037037037035 0.05416666666666667 0.05740740740740741
4 0.6109375 0.3398148148148148 0.028125 0.03518518518518519
4 0.5640625 0.46111111111111114 0.051041666666666666 0.03333333333333333