4 0.3229166666666667 0.6351851851851852 0.08958333333333333 0.08518518518518518
4 0.3177083333333333 0.45555555555555555 0.12083333333333333 0.11481481481481481
4 0.5036458333333333 0.6722222222222223 0.10729166666666666 0.14444444444444443
4 0.20208333333333334 0.6657407407407407 0.11041666666666666 0.10555555555555556
4 0.4296875 0.7453703703703703 0.057291666666666664 0.06481481481481481
4 0.2609375 0.687037037037037 0.096875 0.16296296296296298
4 0.1609375 0.7314814814814815 0.103125 0.13703703703703704
4 0.3260416666666667 0.8351851851851851 0.12916666666666668 0.1814814814814815
4 0.3359375 0.7435185185185185 0.103125 0.10555555555555556
4 0.21666666666666667 0.8407407407407408 0.11666666666666667 0.17777777777777778
4 0.240625 0.5722222222222222 0.1125 0.11851851851851852
4 0.2375 0.9351851851851852 0.06458333333333334 0.1
4 0.253125 0.8277777777777777 0.09166666666666666 0.10740740740740741
4 0.4322916666666667 0.5981481481481481 0.14166666666666666 0.13333333333333333
4 0.4041666666666667 0.9564814814814815 0.075 0.07592592592592592
4 0.21145833333333333 0.5555555555555556 0.12083333333333333 0.13703703703703704
4 0.47291666666666665 0.5259259259259259 0.0625 0.1
5 0.6083333333333333 0.9416666666666667 0.06041666666666667 0.11296296296296296