4 0.2630208333333333 0.3611111111111111 0.059375 0.04814814814814815
4 0.23125 0.49074074074074076 0.06458333333333334 0.05555555555555555
4 0.253125 0.42962962962962964 0.03958333333333333 0.04814814814814815
4 0.31666666666666665 0.5796296296296296 0.03958333333333333 0.044444444444444446
4 0.2890625 0.6194444444444445 0.065625 0.07222222222222222
4 0.29322916666666665 0.40555555555555556 0.06770833333333333 0.05925925925925926
4 0.24322916666666666 0.6175925925925926 0.04479166666666667 0.05740740740740741
4 0.4140625 0.5296296296296297 0.046875 0.1
4 0.3484375 0.6981481481481482 0.046875 0.06296296296296296
5 0.6041666666666666 0.9527777777777777 0.08333333333333333 0.09074074074074075
4 0.45208333333333334 0.24074074074074073 0.075 0.05185185185185185
4 0.34270833333333334 0.19537037037037036 0.05625 0.06851851851851852
4 0.35 0.49166666666666664 0.07291666666666667 0.08703703703703704
4 0.421875 0.30277777777777776 0.07291666666666667 0.053703703703703705
4 0.43385416666666665 0.5768518518518518 0.06354166666666666 0.05740740740740741
4 0.28020833333333334 0.6777777777777778 0.07083333333333333 0.037037037037037035
4 0.45208333333333334 0.42407407407407405 0.07083333333333333 0.07777777777777778
4 0.31927083333333334 0.6481481481481481 0.036458333333333336 0.025925925925925925
4 0.30052083333333335 0.4981481481481482 0.03854166666666667 0.040740740740740744