4 0.20052083333333334 0.6546296296296297 0.06145833333333333 0.04259259259259259
4 0.1328125 0.7129629629629629 0.059375 0.03333333333333333
4 0.16822916666666668 0.8490740740740741 0.057291666666666664 0.03518518518518519
4 0.35260416666666666 0.8787037037037037 0.05520833333333333 0.04259259259259259
5 0.609375 0.9527777777777777 0.08333333333333333 0.09074074074074075
4 0.28802083333333334 0.6453703703703704 0.071875 0.07222222222222222
4 0.1953125 0.6037037037037037 0.06354166666666666 0.044444444444444446
4 0.2125 0.8703703703703703 0.06458333333333334 0.044444444444444446
4 0.26979166666666665 0.6638888888888889 0.05625 0.046296296296296294
4 0.16822916666666668 0.9175925925925926 0.06145833333333333 0.046296296296296294
4 0.3182291666666667 0.725 0.051041666666666666 0.06481481481481481
4 0.24270833333333333 0.7824074074074074 0.04791666666666667 0.04259259259259259
4 0.165625 0.7583333333333333 0.06875 0.03148148148148148
4 0.20989583333333334 0.9731481481481481 0.040625 0.03518518518518519