4 0.13541666666666666 0.6129629629629629 0.06875 0.025925925925925925
4 0.016666666666666666 0.7305555555555555 0.03125 0.03888888888888889
4 0.2328125 0.987037037037037 0.06145833333333333 0.022222222222222223
5 0.609375 0.9527777777777777 0.08333333333333333 0.09074074074074075
4 0.22083333333333333 0.8277777777777777 0.08541666666666667 0.044444444444444446
4 0.1125 0.6157407407407407 0.06041666666666667 0.05
4 0.17604166666666668 0.6981481481481482 0.075 0.02962962962962963
4 0.03697916666666667 0.9009259259259259 0.065625 0.06111111111111111
4 0.1609375 0.8555555555555555 0.059375 0.02962962962962963
4 0.1015625 0.7694444444444445 0.07395833333333333 0.03888888888888889
4 0.036458333333333336 0.8 0.04791666666666667 0.06296296296296296
4 0.2078125 0.8740740740740741 0.057291666666666664 0.03333333333333333
4 0.11458333333333333 0.8074074074074075 0.058333333333333334 0.040740740740740744
4 0.0859375 0.9287037037037037 0.026041666666666668 0.053703703703703705
4 0.13229166666666667 0.8703703703703703 0.06666666666666667 0.044444444444444446