4 0.221875 0.4842592592592593 0.04583333333333333 0.05
4 0.18385416666666668 0.5648148148148148 0.06145833333333333 0.1
4 0.2203125 0.5361111111111111 0.051041666666666666 0.06111111111111111
4 0.33229166666666665 0.6574074074074074 0.04791666666666667 0.02962962962962963
4 0.2864583333333333 0.6518518518518519 0.07291666666666667 0.05555555555555555
4 0.2359375 0.47962962962962963 0.065625 0.08148148148148149
4 0.21822916666666667 0.6731481481481482 0.057291666666666664 0.05
4 0.38385416666666666 0.6777777777777778 0.06770833333333333 0.06666666666666667
4 0.278125 0.7981481481481482 0.05 0.04814814814814815
5 0.6041666666666666 0.9527777777777777 0.08333333333333333 0.09074074074074075
4 0.4239583333333333 0.3490740740740741 0.06666666666666667 0.03518518518518519
4 0.2890625 0.35833333333333334 0.065625 0.046296296296296294
4 0.321875 0.5990740740740741 0.07916666666666666 0.046296296296296294
4 0.3359375 0.39166666666666666 0.06979166666666667 0.05
4 0.3463541666666667 0.7305555555555555 0.06145833333333333 0.053703703703703705
4 0.234375 0.7083333333333334 0.06458333333333334 0.05740740740740741
4 0.409375 0.49537037037037035 0.06666666666666667 0.05740740740740741
4 0.2828125 0.7222222222222222 0.05520833333333333 0.05185185185185185
4 0.271875 0.5962962962962963 0.05 0.02962962962962963
4 0.26875 0.6333333333333333 0.0625 0.03333333333333333