4 0.334375 0.7287037037037037 0.10833333333333334 0.14629629629629629
4 0.22447916666666667 0.7555555555555555 0.06979166666666667 0.13703703703703704
4 0.17317708333333334 0.961574074074074 0.06302083333333333 0.075
4 0.19375 0.8518518518518519 0.08541666666666667 0.13333333333333333
4 0.24635416666666668 0.8925925925925926 0.103125 0.15925925925925927
4 0.32083333333333336 0.899074074074074 0.1 0.11296296296296296
4 0.38828125 0.9310185185185185 0.13072916666666667 0.1361111111111111
4 0.0859375 0.7935185185185185 0.06979166666666667 0.18703703703703703
4 0.35625 0.6638888888888889 0.13541666666666666 0.22407407407407406
4 0.22473958333333333 0.9782407407407407 0.06822916666666666 0.041666666666666664
4 0.043229166666666666 0.9388888888888889 0.036458333333333336 0.11481481481481481
5 0.6083333333333333 0.9416666666666667 0.06041666666666667 0.11296296296296296