5 0.471875 0.8925925925925926 0.04583333333333333 0.08518518518518518
4 0.7552083333333334 0.7148148148148148 0.06875 0.07037037037037037
4 0.6364583333333333 0.7898148148148149 0.05416666666666667 0.09074074074074075
0 0.5546875 0.9407407407407408 0.040625 0.06666666666666667
4 0.6473958333333333 0.8453703703703703 0.046875 0.1685185185185185
4 0.7479166666666667 0.8324074074074074 0.05625 0.15
4 0.8333333333333334 0.8611111111111112 0.025 0.07037037037037037
4 0.5888020833333333 0.9819444444444444 0.03177083333333333 0.03425925925925926
4 0.6703125 0.8629629629629629 0.028125 0.09259259259259259
4 0.6802083333333333 0.8694444444444445 0.05625 0.07962962962962963
4 0.7942708333333334 0.7324074074074074 0.06145833333333333 0.06481481481481481
4 0.6484375 0.9638888888888889 0.06354166666666666 0.06851851851851852