4 0.34427083333333336 0.6518518518518519 0.10729166666666666 0.08888888888888889
4 0.27395833333333336 0.5814814814814815 0.07083333333333333 0.05555555555555555
4 0.34791666666666665 0.4685185185185185 0.13333333333333333 0.13703703703703704
4 0.5005208333333333 0.6916666666666667 0.103125 0.12777777777777777
4 0.21354166666666666 0.6944444444444444 0.11875 0.09259259259259259
4 0.25885416666666666 0.7435185185185185 0.103125 0.11666666666666667
4 0.1609375 0.7731481481481481 0.11354166666666667 0.13518518518518519
4 0.36614583333333334 0.8398148148148148 0.12395833333333334 0.17222222222222222
4 0.32864583333333336 0.812962962962963 0.09479166666666666 0.08148148148148149
4 0.20364583333333333 0.8638888888888889 0.128125 0.1425925925925926
4 0.24609375 0.9337962962962963 0.10885416666666667 0.13055555555555556
4 0.4395833333333333 0.6138888888888889 0.125 0.14629629629629629
4 0.4083333333333333 0.9657407407407408 0.06666666666666667 0.05
4 0.215625 0.6314814814814815 0.12291666666666666 0.14074074074074075
4 0.44479166666666664 0.5740740740740741 0.11875 0.14074074074074075
5 0.6083333333333333 0.9416666666666667 0.06041666666666667 0.11296296296296296