4 0.3484375 0.6731481481481482 0.11354166666666667 0.09074074074074075
4 0.240625 0.6194444444444445 0.08958333333333333 0.11296296296296296
4 0.38645833333333335 0.4925925925925926 0.14375 0.13333333333333333
4 0.5223958333333333 0.7287037037037037 0.12604166666666666 0.09814814814814815
4 0.22604166666666667 0.7351851851851852 0.12916666666666668 0.1111111111111111
4 0.4432291666666667 0.7703703703703704 0.103125 0.08518518518518518
4 0.28072916666666664 0.7916666666666666 0.11145833333333334 0.10555555555555556
4 0.15677083333333333 0.862037037037037 0.11770833333333333 0.09814814814814815
4 0.3885416666666667 0.8564814814814815 0.10416666666666667 0.14629629629629629
4 0.3151041666666667 0.8518518518518519 0.09895833333333333 0.1037037037037037
4 0.20572916666666666 0.8861111111111111 0.15520833333333334 0.13148148148148148
4 0.24192708333333332 0.9597222222222223 0.1046875 0.0787037037037037
4 0.43385416666666665 0.6703703703703704 0.128125 0.14444444444444443
4 0.4231770833333333 0.9680555555555556 0.050520833333333334 0.062037037037037036
4 0.21145833333333333 0.687037037037037 0.11458333333333333 0.15185185185185185
5 0.6083333333333333 0.9416666666666667 0.06041666666666667 0.11296296296296296