4 0.14322916666666666 0.6537037037037037 0.06979166666666667 0.03333333333333333
4 0.06145833333333333 0.7648148148148148 0.052083333333333336 0.044444444444444446
4 0.24010416666666667 0.9824074074074074 0.06145833333333333 0.03148148148148148
5 0.609375 0.9527777777777777 0.08333333333333333 0.09074074074074075
4 0.25416666666666665 0.8185185185185185 0.08541666666666667 0.044444444444444446
4 0.125 0.6240740740740741 0.06041666666666667 0.04814814814814815
4 0.19322916666666667 0.7314814814814815 0.07604166666666666 0.02962962962962963
4 0.059895833333333336 0.9268518518518518 0.06979166666666667 0.06481481481481481
4 0.1734375 0.8537037037037037 0.059375 0.03333333333333333
4 0.11197916666666667 0.7796296296296297 0.07395833333333333 0.037037037037037035
4 0.071875 0.8185185185185185 0.05416666666666667 0.03333333333333333
4 0.228125 0.8805555555555555 0.052083333333333336 0.03148148148148148
4 0.11875 0.8481481481481481 0.05 0.03333333333333333
4 0.1140625 0.9305555555555556 0.051041666666666666 0.027777777777777776
4 0.14791666666666667 0.912962962962963 0.04791666666666667 0.037037037037037035