4 0.5453125 0.26296296296296295 0.051041666666666666 0.04814814814814815
4 0.5057291666666667 0.35555555555555557 0.053125 0.044444444444444446
4 0.5192708333333333 0.3888888888888889 0.036458333333333336 0.02962962962962963
4 0.546875 0.43333333333333335 0.04791666666666667 0.025925925925925925
4 0.5541666666666667 0.39444444444444443 0.04583333333333333 0.044444444444444446
4 0.5625 0.29814814814814816 0.041666666666666664 0.02962962962962963
4 0.5135416666666667 0.3611111111111111 0.052083333333333336 0.02962962962962963
4 0.5338541666666666 0.4981481481481482 0.04895833333333333 0.02962962962962963
4 0.578125 0.3990740740740741 0.03958333333333333 0.03148148148148148
4 0.546875 0.40925925925925927 0.035416666666666666 0.022222222222222223
5 0.6041666666666666 0.9527777777777777 0.08333333333333333 0.09074074074074075
4 0.6270833333333333 0.21851851851851853 0.0375 0.037037037037037035
4 0.565625 0.18796296296296297 0.01875 0.024074074074074074
4 0.5973958333333333 0.33240740740740743 0.04479166666666667 0.027777777777777776
4 0.6755208333333333 0.2796296296296296 0.04479166666666667 0.044444444444444446
4 0.6817708333333333 0.36944444444444446 0.030208333333333334 0.027777777777777776
4 0.5901041666666667 0.44074074074074077 0.019791666666666666 0.025925925925925925