4 0.5427083333333333 0.25462962962962965 0.04791666666666667 0.05
4 0.5125 0.3537037037037037 0.05416666666666667 0.040740740740740744
4 0.5223958333333333 0.387037037037037 0.034375 0.03333333333333333
4 0.5463541666666667 0.43333333333333335 0.04479166666666667 0.025925925925925925
4 0.5541666666666667 0.387037037037037 0.04583333333333333 0.044444444444444446
4 0.5625 0.2972222222222222 0.041666666666666664 0.03518518518518519
4 0.5130208333333334 0.35833333333333334 0.046875 0.024074074074074074
4 0.5401041666666667 0.4962962962962963 0.04895833333333333 0.02962962962962963
4 0.5802083333333333 0.3962962962962963 0.0375 0.03333333333333333
4 0.559375 0.4111111111111111 0.035416666666666666 0.022222222222222223
5 0.6046875 0.9527777777777777 0.08020833333333334 0.09074074074074075
4 0.6291666666666667 0.2175925925925926 0.0375 0.03518518518518519
4 0.6161458333333333 0.3277777777777778 0.04479166666666667 0.037037037037037035
4 0.6755208333333333 0.2814814814814815 0.04479166666666667 0.044444444444444446
4 0.6822916666666666 0.37037037037037035 0.029166666666666667 0.025925925925925925
4 0.5901041666666667 0.44074074074074077 0.019791666666666666 0.025925925925925925