5 0.471875 0.8925925925925926 0.04583333333333333 0.08518518518518518
4 0.7505208333333333 0.7037037037037037 0.065625 0.1
4 0.6572916666666667 0.7555555555555555 0.06041666666666667 0.1259259259259259
0 0.5536458333333333 0.937037037037037 0.028125 0.05185185185185185
4 0.5911458333333334 0.8870370370370371 0.08020833333333334 0.17037037037037037
4 0.7140625 0.8851851851851852 0.08229166666666667 0.11851851851851852
4 0.8083333333333333 0.8916666666666667 0.027083333333333334 0.09814814814814815
4 0.8338541666666667 0.8629629629629629 0.026041666666666668 0.07777777777777778
4 0.5864583333333333 0.9638888888888889 0.06041666666666667 0.06851851851851852
4 0.5895833333333333 0.8953703703703704 0.01875 0.12407407407407407
4 0.7166666666666667 0.8064814814814815 0.09166666666666666 0.05740740740740741
4 0.7901041666666667 0.8203703703703704 0.036458333333333336 0.08148148148148149
4 0.6877604166666667 0.9708333333333333 0.05677083333333333 0.05648148148148148
4 0.8322916666666667 0.7351851851851852 0.07083333333333333 0.05925925925925926