4 0.5380208333333333 0.275 0.04479166666666667 0.03888888888888889
4 0.5046875 0.35555555555555557 0.05520833333333333 0.044444444444444446
4 0.5125 0.39351851851851855 0.041666666666666664 0.03518518518518519
4 0.5401041666666667 0.43333333333333335 0.04895833333333333 0.025925925925925925
4 0.546875 0.4 0.052083333333333336 0.040740740740740744
4 0.5557291666666667 0.30462962962962964 0.051041666666666666 0.027777777777777776
4 0.5088541666666667 0.36574074074074076 0.06145833333333333 0.03888888888888889
4 0.5244791666666667 0.5055555555555555 0.05520833333333333 0.02962962962962963
4 0.575 0.3990740740740741 0.03958333333333333 0.03518518518518519
4 0.5395833333333333 0.40925925925925927 0.035416666666666666 0.022222222222222223
5 0.6041666666666666 0.9527777777777777 0.08333333333333333 0.09074074074074075
4 0.6270833333333333 0.2212962962962963 0.0375 0.04259259259259259
4 0.5682291666666667 0.20185185185185187 0.036458333333333336 0.025925925925925925
4 0.5932291666666667 0.33425925925925926 0.04479166666666667 0.027777777777777776
4 0.6755208333333333 0.2740740740740741 0.04479166666666667 0.044444444444444446
4 0.6630208333333333 0.36574074074074076 0.030208333333333334 0.027777777777777776
4 0.5557291666666667 0.4666666666666667 0.04479166666666667 0.03333333333333333
4 0.5901041666666667 0.44074074074074077 0.019791666666666666 0.025925925925925925