4 0.29375 0.27037037037037037 0.058333333333333334 0.05555555555555555
4 0.2786458333333333 0.375 0.059375 0.07222222222222222
4 0.28854166666666664 0.3925925925925926 0.04791666666666667 0.040740740740740744
4 0.3098958333333333 0.5055555555555555 0.06354166666666666 0.044444444444444446
4 0.31979166666666664 0.5574074074074075 0.058333333333333334 0.07407407407407407
4 0.33229166666666665 0.30092592592592593 0.07291666666666667 0.07592592592592592
4 0.2546875 0.4898148148148148 0.05520833333333333 0.08333333333333333
4 0.378125 0.5712962962962963 0.052083333333333336 0.053703703703703705
4 0.3927083333333333 0.6074074074074074 0.06458333333333334 0.040740740740740744
5 0.6041666666666666 0.9527777777777777 0.08333333333333333 0.09074074074074075
4 0.478125 0.27870370370370373 0.07708333333333334 0.04259259259259259
4 0.4088541666666667 0.1425925925925926 0.053125 0.03333333333333333
4 0.37447916666666664 0.48148148148148145 0.071875 0.04814814814814815
4 0.4796875 0.3314814814814815 0.078125 0.02962962962962963
4 0.46979166666666666 0.5370370370370371 0.06041666666666667 0.04814814814814815
4 0.32916666666666666 0.612037037037037 0.06875 0.04259259259259259
4 0.46197916666666666 0.4166666666666667 0.065625 0.07407407407407407
4 0.378125 0.42314814814814816 0.05416666666666667 0.03148148148148148
4 0.34010416666666665 0.587037037037037 0.030208333333333334 0.025925925925925925
4 0.3640625 0.4925925925925926 0.04895833333333333 0.02962962962962963