4 0.12447916666666667 0.4703703703703704 0.07604166666666666 0.03333333333333333
4 0.14791666666666667 0.9351851851851852 0.05625 0.03333333333333333
5 0.609375 0.9527777777777777 0.08333333333333333 0.09074074074074075
4 0.16822916666666668 0.7787037037037037 0.065625 0.05
4 0.06302083333333333 0.5425925925925926 0.06145833333333333 0.040740740740740744
4 0.096875 0.5981481481481481 0.07083333333333333 0.044444444444444446
4 0.04791666666666667 0.6703703703703704 0.06666666666666667 0.040740740740740744
4 0.08541666666666667 0.725925925925926 0.05416666666666667 0.037037037037037035
4 0.030729166666666665 0.8648148148148148 0.042708333333333334 0.06296296296296296
4 0.06822916666666666 0.7546296296296297 0.06770833333333333 0.03148148148148148
4 0.0953125 0.7814814814814814 0.04895833333333333 0.037037037037037035