5 0.4515625 0.9351851851851852 0.07395833333333333 0.10740740740740741
0 0.6364583333333333 0.8287037037037037 0.03958333333333333 0.053703703703703705
4 0.09635416666666667 0.774074074074074 0.065625 0.03333333333333333
4 0.06458333333333334 0.8657407407407407 0.06458333333333334 0.05
4 0.0453125 0.8222222222222222 0.065625 0.08148148148148149
4 0.022395833333333334 0.8 0.036458333333333336 0.05185185185185185
4 0.016145833333333335 0.8527777777777777 0.03229166666666667 0.053703703703703705
4 0.0140625 0.9166666666666666 0.028125 0.025925925925925925
4 0.039322916666666666 0.9828703703703704 0.0328125 0.032407407407407406
4 0.013020833333333334 0.9351851851851852 0.026041666666666668 0.02962962962962963
4 0.014583333333333334 0.8814814814814815 0.027083333333333334 0.025925925925925925