4 0.15729166666666666 0.7092592592592593 0.07708333333333334 0.037037037037037035
4 0.0875 0.7435185185185185 0.052083333333333336 0.07222222222222222
4 0.12395833333333334 0.9148148148148149 0.06041666666666667 0.040740740740740744
4 0.2640625 0.9805555555555555 0.057291666666666664 0.03148148148148148
5 0.609375 0.9527777777777777 0.08333333333333333 0.09074074074074075
4 0.278125 0.8018518518518518 0.08333333333333333 0.037037037037037035
4 0.15416666666666667 0.6203703703703703 0.06041666666666667 0.040740740740740744
4 0.21614583333333334 0.7481481481481481 0.06979166666666667 0.03333333333333333
4 0.09479166666666666 0.9537037037037037 0.06875 0.05185185185185185
4 0.19947916666666668 0.8388888888888889 0.059375 0.03333333333333333
4 0.1328125 0.7824074074074074 0.078125 0.03148148148148148
4 0.109375 0.8148148148148148 0.05416666666666667 0.03333333333333333
4 0.2604166666666667 0.8824074074074074 0.04583333333333333 0.03148148148148148