4 0.3421875 0.8925925925925926 0.05520833333333333 0.06666666666666667
4 0.1375 0.6666666666666666 0.052083333333333336 0.1925925925925926
4 0.16979166666666667 0.9120370370370371 0.11041666666666666 0.07962962962962963
4 0.11927083333333334 0.7907407407407407 0.07395833333333333 0.1
4 0.17552083333333332 0.7620370370370371 0.07395833333333333 0.2462962962962963
4 0.27395833333333336 0.8796296296296297 0.08541666666666667 0.10740740740740741
4 0.32578125 0.9467592592592593 0.1265625 0.10462962962962963
4 0.0171875 0.7046296296296296 0.034375 0.1574074074074074
4 0.1859375 0.9648148148148148 0.07604166666666666 0.06296296296296296
4 0.265625 0.6935185185185185 0.075 0.14629629629629629
4 0.28020833333333334 0.5851851851851851 0.08541666666666667 0.23333333333333334
5 0.6083333333333333 0.9416666666666667 0.06041666666666667 0.11296296296296296