4 0.3380208333333333 0.6731481481481482 0.084375 0.1388888888888889
4 0.5104166666666666 0.7981481481481482 0.09791666666666667 0.1111111111111111
4 0.2520833333333333 0.8527777777777777 0.1 0.18333333333333332
4 0.39739583333333334 0.6777777777777778 0.084375 0.12222222222222222
4 0.2830729166666667 0.9717592592592592 0.06822916666666666 0.05462962962962963
4 0.253125 0.6962962962962963 0.10208333333333333 0.13333333333333333
4 0.36015625 0.950462962962963 0.09114583333333333 0.09722222222222222
4 0.3697916666666667 0.9120370370370371 0.08333333333333333 0.10555555555555556
4 0.440625 0.7592592592592593 0.09791666666666667 0.15185185185185185
4 0.32760416666666664 0.8018518518518518 0.07395833333333333 0.12222222222222222
4 0.49635416666666665 0.9398148148148148 0.08645833333333333 0.10555555555555556
4 0.5479166666666667 0.8379629629629629 0.07708333333333334 0.10555555555555556
4 0.2765625 0.7203703703703703 0.08229166666666667 0.18518518518518517
5 0.6083333333333333 0.9416666666666667 0.06041666666666667 0.11296296296296296