4 0.3494791666666667 0.7518518518518519 0.09895833333333333 0.07777777777777778
4 0.328125 0.837037037037037 0.13541666666666666 0.04814814814814815
4 0.4588541666666667 0.7314814814814815 0.13645833333333332 0.10740740740740741
4 0.5458333333333333 0.8629629629629629 0.13958333333333334 0.1111111111111111
4 0.26875 0.9185185185185185 0.12708333333333333 0.06666666666666667
4 0.45989583333333334 0.924074074074074 0.08854166666666667 0.06666666666666667
4 0.3453125 0.9768518518518519 0.11770833333333333 0.04259259259259259
4 0.24036458333333333 0.9736111111111111 0.07239583333333334 0.05092592592592592
4 0.48489583333333336 0.9351851851851852 0.134375 0.11481481481481481
4 0.22604166666666667 0.8351851851851851 0.13333333333333333 0.08888888888888889
4 0.5223958333333333 0.8138888888888889 0.128125 0.10555555555555556
5 0.6083333333333333 0.9416666666666667 0.06041666666666667 0.11296296296296296