4 0.13541666666666666 0.6166666666666667 0.06875 0.025925925925925925
4 0.020833333333333332 0.7324074074074074 0.0375 0.03888888888888889
4 0.2328125 0.987037037037037 0.06145833333333333 0.022222222222222223
5 0.609375 0.9527777777777777 0.08333333333333333 0.09074074074074075
4 0.22395833333333334 0.8277777777777777 0.08541666666666667 0.044444444444444446
4 0.11458333333333333 0.6157407407407407 0.06041666666666667 0.053703703703703705
4 0.17708333333333334 0.7018518518518518 0.075 0.02962962962962963
4 0.04114583333333333 0.9046296296296297 0.065625 0.06111111111111111
4 0.1609375 0.8574074074074074 0.059375 0.02962962962962963
4 0.1015625 0.7712962962962963 0.07395833333333333 0.03888888888888889
4 0.04375 0.8037037037037037 0.05416666666666667 0.05555555555555555
4 0.21197916666666666 0.875 0.05520833333333333 0.03148148148148148
4 0.11510416666666666 0.8092592592592592 0.057291666666666664 0.037037037037037035
4 0.0859375 0.9333333333333333 0.026041666666666668 0.04814814814814815
4 0.1328125 0.8777777777777778 0.065625 0.044444444444444446