4 0.36614583333333334 0.7111111111111111 0.084375 0.1
4 0.5171875 0.8268518518518518 0.09270833333333334 0.10185185185185185
4 0.2640625 0.9074074074074074 0.08020833333333334 0.09259259259259259
4 0.2994791666666667 0.9092592592592592 0.11770833333333333 0.14444444444444443
4 0.4453125 0.7333333333333333 0.07604166666666666 0.1
4 0.30390625 0.9662037037037037 0.08072916666666667 0.06574074074074074
4 0.28854166666666664 0.7425925925925926 0.07916666666666666 0.09259259259259259
4 0.39036458333333335 0.9449074074074074 0.0890625 0.10833333333333334
4 0.4484375 0.85 0.096875 0.13333333333333333
4 0.3765625 0.9175925925925926 0.065625 0.07592592592592592
4 0.46796875 0.9800925925925926 0.0484375 0.03796296296296296
4 0.35104166666666664 0.8398148148148148 0.05625 0.09814814814814815
4 0.5265625 0.9277777777777778 0.09479166666666666 0.1037037037037037
4 0.5557291666666667 0.8685185185185185 0.08645833333333333 0.08518518518518518
4 0.31302083333333336 0.7981481481481482 0.09270833333333334 0.12962962962962962
5 0.6083333333333333 0.9416666666666667 0.06041666666666667 0.11296296296296296