4 0.328125 0.6361111111111111 0.09791666666666667 0.1425925925925926
4 0.5010416666666667 0.7916666666666666 0.1 0.10925925925925926
4 0.2734375 0.7611111111111111 0.09270833333333334 0.11481481481481481
4 0.21354166666666666 0.887962962962963 0.052083333333333336 0.07222222222222222
4 0.27395833333333336 0.8064814814814815 0.13958333333333334 0.1574074074074074
4 0.3859375 0.6712962962962963 0.103125 0.10925925925925926
4 0.25859375 0.9476851851851852 0.08802083333333334 0.10277777777777777
4 0.24375 0.6407407407407407 0.11041666666666666 0.12962962962962962
4 0.35442708333333334 0.950462962962963 0.09010416666666667 0.09722222222222222
4 0.22447916666666667 0.8564814814814815 0.03854166666666667 0.07222222222222222
4 0.35052083333333334 0.8972222222222223 0.08020833333333334 0.11296296296296296
4 0.4317708333333333 0.7305555555555555 0.09479166666666666 0.1685185185185185
4 0.30833333333333335 0.8037037037037037 0.075 0.12222222222222222
4 0.4734375 0.9342592592592592 0.090625 0.12407407407407407
4 0.24427083333333333 0.6972222222222222 0.08854166666666667 0.19074074074074074
5 0.6083333333333333 0.9416666666666667 0.06041666666666667 0.11296296296296296