5 0.471875 0.8925925925925926 0.04583333333333333 0.08518518518518518
4 0.7505208333333333 0.7074074074074074 0.065625 0.1
4 0.6494791666666667 0.7620370370370371 0.05520833333333333 0.12037037037037036
0 0.5526041666666667 0.9388888888888889 0.034375 0.06296296296296296
4 0.6041666666666666 0.8722222222222222 0.0625 0.16296296296296298
4 0.7177083333333333 0.8805555555555555 0.07708333333333334 0.12037037037037036
4 0.809375 0.887962962962963 0.027083333333333334 0.09814814814814815
4 0.8338541666666667 0.8629629629629629 0.026041666666666668 0.07407407407407407
4 0.58359375 0.961574074074074 0.05260416666666667 0.075
4 0.6046875 0.8814814814814815 0.019791666666666666 0.11481481481481481
4 0.7052083333333333 0.7981481481481482 0.09166666666666666 0.07037037037037037
4 0.7875 0.8074074074074075 0.04375 0.08518518518518518
4 0.6752604166666667 0.9606481481481481 0.0671875 0.07685185185185185
4 0.8322916666666667 0.7277777777777777 0.06875 0.05925925925925926