4 0.3489583333333333 0.4675925925925926 0.09583333333333334 0.13148148148148148
4 0.4953125 0.7055555555555556 0.090625 0.14814814814814814
4 0.196875 0.7129629629629629 0.1 0.12222222222222222
4 0.42604166666666665 0.7555555555555555 0.06875 0.1
4 0.28854166666666664 0.7212962962962963 0.09375 0.15
4 0.14635416666666667 0.8 0.09479166666666666 0.14444444444444443
4 0.28802083333333334 0.8268518518518518 0.11145833333333334 0.22777777777777777
4 0.3463541666666667 0.7 0.071875 0.1
4 0.23385416666666667 0.8870370370370371 0.10104166666666667 0.2
4 0.23489583333333333 0.5694444444444444 0.11145833333333334 0.12407407407407407
4 0.29739583333333336 0.9138888888888889 0.10104166666666667 0.1425925925925926
4 0.42083333333333334 0.6083333333333333 0.09791666666666667 0.18703703703703703
4 0.3921875 0.9361111111111111 0.071875 0.09814814814814815
4 0.4161458333333333 0.9324074074074075 0.084375 0.08333333333333333
4 0.19791666666666666 0.5722222222222222 0.11666666666666667 0.16296296296296298
4 0.49114583333333334 0.6518518518518519 0.065625 0.1111111111111111
5 0.6083333333333333 0.9416666666666667 0.06041666666666667 0.11296296296296296