4 0.3182291666666667 0.6259259259259259 0.08229166666666667 0.13703703703703704
4 0.484375 0.8027777777777778 0.07708333333333334 0.10185185185185185
4 0.26145833333333335 0.7435185185185185 0.10625 0.12777777777777777
4 0.20520833333333333 0.8398148148148148 0.07083333333333333 0.1425925925925926
4 0.28072916666666664 0.8064814814814815 0.153125 0.17962962962962964
4 0.3859375 0.6703703703703704 0.10104166666666667 0.10740740740740741
4 0.25026041666666665 0.9449074074074074 0.0859375 0.10833333333333334
4 0.23385416666666667 0.6305555555555555 0.11145833333333334 0.12407407407407407
4 0.33828125 0.9458333333333333 0.08697916666666666 0.10648148148148148
4 0.2265625 0.8546296296296296 0.03854166666666667 0.07222222222222222
4 0.3380208333333333 0.8777777777777778 0.08645833333333333 0.12222222222222222
4 0.4322916666666667 0.7138888888888889 0.10416666666666667 0.1537037037037037
4 0.43984375 0.9634259259259259 0.07135416666666666 0.0712962962962963
4 0.45260416666666664 0.9287037037037037 0.084375 0.10185185185185185
4 0.22604166666666667 0.6722222222222223 0.08958333333333333 0.18518518518518517
4 0.5244791666666667 0.737037037037037 0.04479166666666667 0.05555555555555555
5 0.6083333333333333 0.9416666666666667 0.06041666666666667 0.11296296296296296