5 0.45260416666666664 0.9333333333333333 0.07395833333333333 0.10740740740740741
0 0.6411458333333333 0.8055555555555556 0.04479166666666667 0.05555555555555555
4 0.0125 0.7287037037037037 0.025 0.016666666666666666
4 0.016145833333333335 0.7861111111111111 0.03229166666666667 0.027777777777777776
4 0.0171875 0.7212962962962963 0.034375 0.024074074074074074
4 0.0328125 0.5731481481481482 0.065625 0.03148148148148148
4 0.025 0.8481481481481481 0.05 0.025925925925925925
4 0.027604166666666666 0.8694444444444445 0.05520833333333333 0.05
4 0.042708333333333334 0.9712962962962963 0.08125 0.05
4 0.025520833333333333 0.5574074074074075 0.051041666666666666 0.037037037037037035
4 0.044270833333333336 0.7620370370370371 0.071875 0.03518518518518519
4 0.028125 0.38796296296296295 0.05625 0.07962962962962963