5 0.45260416666666664 0.9333333333333333 0.07395833333333333 0.10740740740740741
0 0.6442708333333333 0.8055555555555556 0.04479166666666667 0.05555555555555555
4 0.0125 0.7287037037037037 0.025 0.024074074074074074
4 0.028125 0.7694444444444445 0.05625 0.027777777777777776
4 0.015625 0.7083333333333334 0.03125 0.027777777777777776
4 0.0421875 0.5601851851851852 0.07604166666666666 0.03518518518518519
4 0.0234375 0.8231481481481482 0.046875 0.03148148148148148
4 0.029166666666666667 0.8777777777777778 0.058333333333333334 0.04814814814814815
4 0.028385416666666666 0.9791666666666666 0.05677083333333333 0.03981481481481482
4 0.0359375 0.5157407407407407 0.06770833333333333 0.04259259259259259
4 0.0296875 0.7472222222222222 0.059375 0.027777777777777776
4 0.051041666666666666 0.3527777777777778 0.05625 0.05740740740740741