4 0.34322916666666664 0.4898148148148148 0.09479166666666666 0.13148148148148148
4 0.5015625 0.7166666666666667 0.09270833333333334 0.13703703703703704
4 0.2171875 0.7287037037037037 0.09895833333333333 0.10185185185185185
4 0.43333333333333335 0.7648148148148148 0.06458333333333334 0.1
4 0.2921875 0.7361111111111112 0.09895833333333333 0.15
4 0.15729166666666666 0.8175925925925925 0.07916666666666666 0.13518518518518519
4 0.29322916666666665 0.8453703703703703 0.13020833333333334 0.19444444444444445
4 0.35520833333333335 0.7083333333333334 0.07916666666666666 0.09074074074074075
4 0.22369791666666666 0.9282407407407407 0.07239583333333334 0.14166666666666666
4 0.23020833333333332 0.5851851851851851 0.1125 0.14444444444444443
4 0.309375 0.9222222222222223 0.09791666666666667 0.12962962962962962
4 0.328125 0.8564814814814815 0.08958333333333333 0.10925925925925926
4 0.4328125 0.6444444444444445 0.10729166666666666 0.15925925925925927
4 0.38177083333333334 0.9611111111111111 0.034375 0.05925925925925926
4 0.4296875 0.9018518518518519 0.09270833333333334 0.11481481481481481
4 0.2015625 0.575 0.109375 0.18333333333333332
4 0.4901041666666667 0.662962962962963 0.06979166666666667 0.1259259259259259
5 0.6083333333333333 0.9416666666666667 0.06041666666666667 0.11296296296296296