5 0.45260416666666664 0.9333333333333333 0.07395833333333333 0.10740740740740741
0 0.6432291666666666 0.8055555555555556 0.04479166666666667 0.05555555555555555
4 0.0125 0.7287037037037037 0.025 0.024074074074074074
4 0.030208333333333334 0.7675925925925926 0.06041666666666667 0.027777777777777776
4 0.015625 0.7092592592592593 0.03125 0.025925925925925925
4 0.0421875 0.5601851851851852 0.07604166666666666 0.03518518518518519
4 0.0234375 0.8268518518518518 0.046875 0.027777777777777776
4 0.029166666666666667 0.8777777777777778 0.058333333333333334 0.04814814814814815
4 0.029947916666666668 0.9782407407407407 0.059895833333333336 0.041666666666666664
4 0.034375 0.5194444444444445 0.06666666666666667 0.046296296296296294
4 0.029166666666666667 0.7453703703703703 0.058333333333333334 0.03148148148148148
4 0.05 0.35648148148148145 0.06041666666666667 0.06481481481481481