4 0.5489583333333333 0.23425925925925925 0.052083333333333336 0.04259259259259259
4 0.5307291666666667 0.32685185185185184 0.059375 0.05
4 0.5223958333333333 0.37777777777777777 0.034375 0.03333333333333333
4 0.5453125 0.4287037037037037 0.046875 0.027777777777777776
4 0.5661458333333333 0.3712962962962963 0.04479166666666667 0.03518518518518519
4 0.5645833333333333 0.29907407407407405 0.03958333333333333 0.03148148148148148
4 0.5348958333333333 0.34629629629629627 0.04895833333333333 0.02962962962962963
4 0.5479166666666667 0.4824074074074074 0.04791666666666667 0.027777777777777776
4 0.5848958333333333 0.40185185185185185 0.036458333333333336 0.025925925925925925
4 0.6088541666666667 0.4722222222222222 0.04479166666666667 0.025925925925925925
4 0.58125 0.4203703703703704 0.035416666666666666 0.022222222222222223
5 0.6041666666666666 0.9527777777777777 0.08333333333333333 0.09074074074074075
4 0.6375 0.22870370370370371 0.03125 0.027777777777777776
4 0.5947916666666667 0.11666666666666667 0.041666666666666664 0.040740740740740744
4 0.6276041666666666 0.33425925925925926 0.036458333333333336 0.03148148148148148
4 0.6973958333333333 0.37592592592592594 0.028125 0.025925925925925925