5 0.45260416666666664 0.9333333333333333 0.07395833333333333 0.10740740740740741
0 0.6463541666666667 0.8111111111111111 0.04479166666666667 0.05555555555555555
4 0.01875 0.7305555555555555 0.0375 0.027777777777777776
4 0.0578125 0.7703703703703704 0.06354166666666666 0.02962962962962963
4 0.029166666666666667 0.6953703703703704 0.058333333333333334 0.03148148148148148
4 0.06822916666666666 0.6027777777777777 0.06770833333333333 0.06111111111111111
4 0.018229166666666668 0.8101851851851852 0.036458333333333336 0.03148148148148148
4 0.03125 0.8527777777777777 0.0625 0.03518518518518519
4 0.06041666666666667 0.5527777777777778 0.052083333333333336 0.07962962962962963
4 0.015625 0.775 0.03125 0.027777777777777776
4 0.015104166666666667 0.3925925925925926 0.021875 0.1