5 0.45260416666666664 0.9333333333333333 0.07395833333333333 0.10740740740740741
0 0.6421875 0.8055555555555556 0.04479166666666667 0.05555555555555555
4 0.0125 0.7287037037037037 0.025 0.016666666666666666
4 0.019270833333333334 0.7805555555555556 0.034375 0.024074074074074074
4 0.018229166666666668 0.7148148148148148 0.034375 0.022222222222222223
4 0.03177083333333333 0.5712962962962963 0.06354166666666666 0.03518518518518519
4 0.023958333333333335 0.8425925925925926 0.04791666666666667 0.025925925925925925
4 0.029166666666666667 0.8731481481481481 0.058333333333333334 0.053703703703703705
4 0.03802083333333333 0.9731481481481481 0.071875 0.05
4 0.024479166666666666 0.5537037037037037 0.04895833333333333 0.037037037037037035
4 0.04375 0.7601851851851852 0.0625 0.03148148148148148
4 0.03125 0.3814814814814815 0.06041666666666667 0.07777777777777778