5 0.45260416666666664 0.9333333333333333 0.07395833333333333 0.10740740740740741
0 0.6463541666666667 0.812962962962963 0.04479166666666667 0.05555555555555555
4 0.01875 0.7305555555555555 0.0375 0.027777777777777776
4 0.0640625 0.7703703703703704 0.06354166666666666 0.02962962962962963
4 0.030208333333333334 0.6935185185185185 0.06041666666666667 0.03148148148148148
4 0.06822916666666666 0.6074074074074074 0.065625 0.06296296296296296
4 0.017708333333333333 0.8101851851851852 0.035416666666666666 0.03148148148148148
4 0.03177083333333333 0.8574074074074074 0.06354166666666666 0.040740740740740744
4 0.057291666666666664 0.5574074074074075 0.05 0.07407407407407407
4 0.015625 0.7787037037037037 0.03125 0.03148148148148148
4 0.011458333333333333 0.39537037037037037 0.020833333333333332 0.09814814814814815