4 0.06770833333333333 0.4009259259259259 0.06666666666666667 0.03888888888888889
4 0.06145833333333333 0.8740740740740741 0.05625 0.040740740740740744
5 0.609375 0.9527777777777777 0.08333333333333333 0.09074074074074075
4 0.13020833333333334 0.7379629629629629 0.07083333333333333 0.046296296296296294
4 0.0375 0.462037037037037 0.058333333333333334 0.05
4 0.06822916666666666 0.5324074074074074 0.065625 0.04259259259259259
4 0.034375 0.5916666666666667 0.06458333333333334 0.053703703703703705
4 0.03802083333333333 0.6518518518518519 0.059375 0.044444444444444446
4 0.019270833333333334 0.7972222222222223 0.036458333333333336 0.03888888888888889
4 0.028645833333333332 0.6861111111111111 0.057291666666666664 0.03148148148148148
4 0.0828125 0.6972222222222222 0.051041666666666666 0.03148148148148148