4 0.3140625 0.25092592592592594 0.057291666666666664 0.05
4 0.31666666666666665 0.3111111111111111 0.05 0.07037037037037037
4 0.3380208333333333 0.5055555555555555 0.065625 0.044444444444444446
4 0.3489583333333333 0.5555555555555556 0.06875 0.05185185185185185
4 0.3692708333333333 0.2972222222222222 0.07395833333333333 0.046296296296296294
4 0.2864583333333333 0.4351851851851852 0.06458333333333334 0.06666666666666667
4 0.3765625 0.5685185185185185 0.051041666666666666 0.04814814814814815
4 0.43125 0.5814814814814815 0.05416666666666667 0.044444444444444446
5 0.6041666666666666 0.9527777777777777 0.08333333333333333 0.09074074074074075
4 0.5015625 0.275 0.07395833333333333 0.03148148148148148
4 0.43125 0.1814814814814815 0.0625 0.02962962962962963
4 0.4161458333333333 0.47129629629629627 0.071875 0.05
4 0.5322916666666667 0.31574074074074077 0.07083333333333333 0.03148148148148148
4 0.49114583333333334 0.4962962962962963 0.053125 0.05185185185185185
4 0.3619791666666667 0.6092592592592593 0.07604166666666666 0.040740740740740744
4 0.465625 0.4111111111111111 0.06041666666666667 0.07037037037037037
4 0.39895833333333336 0.4462962962962963 0.0625 0.02962962962962963
4 0.4078125 0.5509259259259259 0.04479166666666667 0.03518518518518519
4 0.2994791666666667 0.4 0.046875 0.037037037037037035
4 0.34010416666666665 0.587037037037037 0.030208333333333334 0.025925925925925925
4 0.3958333333333333 0.49722222222222223 0.06458333333333334 0.03148148148148148