4 0.3026041666666667 0.2537037037037037 0.059375 0.06296296296296296
4 0.30104166666666665 0.33611111111111114 0.058333333333333334 0.08333333333333333
4 0.29635416666666664 0.3925925925925926 0.046875 0.04814814814814815
4 0.325 0.5055555555555555 0.06458333333333334 0.044444444444444446
4 0.3328125 0.5546296296296296 0.06770833333333333 0.06481481481481481
4 0.3567708333333333 0.29074074074074074 0.06979166666666667 0.05185185185185185
4 0.27239583333333334 0.4527777777777778 0.06145833333333333 0.08703703703703704
4 0.3765625 0.5685185185185185 0.051041666666666666 0.04814814814814815
4 0.40625 0.600925925925926 0.05625 0.03888888888888889
5 0.6041666666666666 0.9527777777777777 0.08333333333333333 0.09074074074074075
4 0.4864583333333333 0.2833333333333333 0.07291666666666667 0.037037037037037035
4 0.41458333333333336 0.15925925925925927 0.06041666666666667 0.02962962962962963
4 0.39427083333333335 0.4824074074074074 0.071875 0.046296296296296294
4 0.5119791666666667 0.32592592592592595 0.059375 0.03333333333333333
4 0.48541666666666666 0.5138888888888888 0.052083333333333336 0.05
4 0.3489583333333333 0.6129629629629629 0.07708333333333334 0.040740740740740744
4 0.46197916666666666 0.4166666666666667 0.065625 0.07407407407407407
4 0.3880208333333333 0.4388888888888889 0.06354166666666666 0.02962962962962963
4 0.3859375 0.4925925925925926 0.05520833333333333 0.025925925925925925