4 0.1390625 0.6333333333333333 0.07395833333333333 0.025925925925925925
4 0.040625 0.7518518518518519 0.052083333333333336 0.044444444444444446
4 0.2390625 0.9824074074074074 0.06145833333333333 0.03148148148148148
5 0.609375 0.9527777777777777 0.08333333333333333 0.09074074074074075
4 0.23854166666666668 0.825925925925926 0.08541666666666667 0.044444444444444446
4 0.11666666666666667 0.6175925925925926 0.06041666666666667 0.053703703703703705
4 0.1796875 0.7166666666666667 0.06979166666666667 0.02962962962962963
4 0.05364583333333333 0.9138888888888889 0.06979166666666667 0.06111111111111111
4 0.1640625 0.8592592592592593 0.059375 0.02962962962962963
4 0.10572916666666667 0.7796296296296297 0.07395833333333333 0.037037037037037035
4 0.05625 0.8083333333333333 0.05416666666666667 0.046296296296296294
4 0.21927083333333333 0.8768518518518519 0.05520833333333333 0.03148148148148148
4 0.1203125 0.8231481481481482 0.057291666666666664 0.03518518518518519
4 0.10520833333333333 0.9101851851851852 0.04791666666666667 0.027777777777777776
4 0.1375 0.8935185185185185 0.0625 0.04259259259259259