4 0.20989583333333334 0.5694444444444444 0.057291666666666664 0.04259259259259259
4 0.15729166666666666 0.7 0.03958333333333333 0.03333333333333333
4 0.2140625 0.8074074074074075 0.07604166666666666 0.05925925925925926
4 0.18489583333333334 0.6509259259259259 0.07395833333333333 0.053703703703703705
4 0.1640625 0.8064814814814815 0.04895833333333333 0.03518518518518519
4 0.3078125 0.7657407407407407 0.07395833333333333 0.05
4 0.2484375 0.8666666666666667 0.04479166666666667 0.03333333333333333
5 0.6041666666666666 0.9527777777777777 0.08333333333333333 0.09074074074074075
4 0.3223958333333333 0.4842592592592593 0.071875 0.07962962962962963
4 0.23177083333333334 0.5037037037037037 0.06979166666666667 0.044444444444444446
4 0.24270833333333333 0.7157407407407408 0.075 0.05740740740740741
4 0.30416666666666664 0.5324074074074074 0.05625 0.053703703703703705
4 0.2765625 0.8777777777777778 0.046875 0.040740740740740744
4 0.20104166666666667 0.8398148148148148 0.04375 0.04259259259259259
4 0.35520833333333335 0.6 0.07708333333333334 0.08148148148148149
4 0.25104166666666666 0.7731481481481481 0.04583333333333333 0.03518518518518519
4 0.26510416666666664 0.6703703703703704 0.051041666666666666 0.05185185185185185
4 0.19739583333333333 0.7185185185185186 0.042708333333333334 0.02962962962962963