4 0.22291666666666668 0.49537037037037035 0.052083333333333336 0.05740740740740741
4 0.18385416666666668 0.5962962962962963 0.06145833333333333 0.08148148148148149
4 0.2125 0.5592592592592592 0.04375 0.05185185185185185
4 0.26145833333333335 0.6712962962962963 0.07916666666666666 0.05
4 0.23177083333333334 0.5009259259259259 0.065625 0.05740740740740741
4 0.20989583333333334 0.6814814814814815 0.057291666666666664 0.044444444444444446
4 0.37083333333333335 0.7064814814814815 0.06875 0.05
4 0.27708333333333335 0.8046296296296296 0.05 0.03888888888888889
5 0.6041666666666666 0.9527777777777777 0.08333333333333333 0.09074074074074075
4 0.4296875 0.375 0.07395833333333333 0.04259259259259259
4 0.26927083333333335 0.38425925925925924 0.06354166666666666 0.03888888888888889
4 0.3104166666666667 0.6092592592592593 0.07916666666666666 0.05185185185185185
4 0.32447916666666665 0.4148148148148148 0.07395833333333333 0.05925925925925926
4 0.3338541666666667 0.7472222222222222 0.06145833333333333 0.04259259259259259
4 0.23229166666666667 0.7166666666666667 0.06458333333333334 0.044444444444444446
4 0.40520833333333334 0.5185185185185185 0.07708333333333334 0.05555555555555555
4 0.278125 0.7305555555555555 0.04791666666666667 0.046296296296296294
4 0.26875 0.5944444444444444 0.05 0.02962962962962963
4 0.25416666666666665 0.6314814814814815 0.041666666666666664 0.02962962962962963