5 0.471875 0.8925925925925926 0.04583333333333333 0.08518518518518518
4 0.7505208333333333 0.7037037037037037 0.065625 0.1
4 0.6557291666666667 0.7564814814814815 0.059375 0.12407407407407407
0 0.5536458333333333 0.937037037037037 0.030208333333333334 0.05555555555555555
4 0.5932291666666667 0.8833333333333333 0.078125 0.16666666666666666
4 0.7145833333333333 0.8833333333333333 0.08125 0.11851851851851852
4 0.8072916666666666 0.8916666666666667 0.027083333333333334 0.09814814814814815
4 0.8338541666666667 0.8629629629629629 0.026041666666666668 0.07777777777777778
4 0.5854166666666667 0.9611111111111111 0.06041666666666667 0.07037037037037037
4 0.5927083333333333 0.8925925925925926 0.01875 0.12222222222222222
4 0.7135416666666666 0.8046296296296296 0.09166666666666666 0.06111111111111111
4 0.7895833333333333 0.8175925925925925 0.0375 0.08333333333333333
4 0.6856770833333333 0.9689814814814814 0.0609375 0.06018518518518518
4 0.8333333333333334 0.7342592592592593 0.07083333333333333 0.06111111111111111