4 0.06354166666666666 0.3925925925925926 0.07083333333333333 0.040740740740740744
4 0.05260416666666667 0.8583333333333333 0.06145833333333333 0.046296296296296294
5 0.609375 0.9527777777777777 0.08333333333333333 0.09074074074074075
4 0.1171875 0.7305555555555555 0.07395833333333333 0.046296296296296294
4 0.0359375 0.44907407407407407 0.06145833333333333 0.053703703703703705
4 0.06822916666666666 0.5194444444444445 0.065625 0.04259259259259259
4 0.034375 0.5787037037037037 0.06458333333333334 0.053703703703703705
4 0.033854166666666664 0.6333333333333333 0.059375 0.044444444444444446
4 0.04114583333333333 0.7314814814814815 0.03229166666666667 0.04814814814814815
4 0.028645833333333332 0.6694444444444444 0.057291666666666664 0.03148148148148148
4 0.08072916666666667 0.6768518518518518 0.05520833333333333 0.03148148148148148