5 0.4515625 0.9351851851851852 0.07395833333333333 0.10740740740740741
0 0.6354166666666666 0.8287037037037037 0.03958333333333333 0.053703703703703705
4 0.09583333333333334 0.7722222222222223 0.06666666666666667 0.03333333333333333
4 0.06145833333333333 0.8657407407407407 0.06458333333333334 0.05
4 0.04739583333333333 0.8277777777777777 0.06354166666666666 0.08148148148148149
4 0.0203125 0.7925925925925926 0.034375 0.04814814814814815
4 0.013541666666666667 0.8555555555555555 0.027083333333333334 0.04814814814814815
4 0.0140625 0.9166666666666666 0.028125 0.025925925925925925
4 0.039322916666666666 0.9828703703703704 0.0328125 0.032407407407407406
4 0.013020833333333334 0.9351851851851852 0.026041666666666668 0.02962962962962963
4 0.014583333333333334 0.8814814814814815 0.027083333333333334 0.025925925925925925