4 0.14427083333333332 0.6666666666666666 0.06979166666666667 0.03333333333333333
4 0.06979166666666667 0.762962962962963 0.052083333333333336 0.05185185185185185
4 0.24114583333333334 0.9824074074074074 0.06145833333333333 0.03148148148148148
5 0.609375 0.9527777777777777 0.08333333333333333 0.09074074074074075
4 0.265625 0.812037037037037 0.08333333333333333 0.03888888888888889
4 0.128125 0.6240740740740741 0.06041666666666667 0.04814814814814815
4 0.19947916666666668 0.7388888888888889 0.07604166666666666 0.02962962962962963
4 0.06927083333333334 0.9305555555555556 0.06979166666666667 0.06481481481481481
4 0.18385416666666668 0.8481481481481481 0.059375 0.03333333333333333
4 0.11302083333333333 0.7814814814814814 0.07395833333333333 0.037037037037037035
4 0.078125 0.8240740740740741 0.05416666666666667 0.03333333333333333
4 0.234375 0.8805555555555555 0.052083333333333336 0.03148148148148148
4 0.11979166666666667 0.8648148148148148 0.05 0.03333333333333333
4 0.11614583333333334 0.937962962962963 0.051041666666666666 0.027777777777777776