4 0.4005208333333333 0.7324074074074074 0.07604166666666666 0.09074074074074075
4 0.5302083333333333 0.8083333333333333 0.07708333333333334 0.06851851851851852
4 0.2903645833333333 0.9671296296296297 0.08072916666666667 0.06388888888888888
4 0.33489583333333334 0.9046296296296297 0.11770833333333333 0.1388888888888889
4 0.48072916666666665 0.7129629629629629 0.096875 0.09259259259259259
4 0.32708333333333334 0.8111111111111111 0.11666666666666667 0.08888888888888889
4 0.4122395833333333 0.9625 0.059895833333333336 0.07314814814814814
4 0.46927083333333336 0.8731481481481481 0.071875 0.1388888888888889
4 0.3984375 0.799074074074074 0.08645833333333333 0.09444444444444444
4 0.5546875 0.9064814814814814 0.08645833333333333 0.09814814814814815
4 0.390625 0.9074074074074074 0.06875 0.1111111111111111
4 0.5604166666666667 0.8657407407407407 0.08958333333333333 0.07592592592592592
4 0.3385416666666667 0.8212962962962963 0.0875 0.10185185185185185
5 0.6083333333333333 0.9416666666666667 0.06041666666666667 0.11296296296296296