4 0.4578125 0.2657407407407407 0.06979166666666667 0.046296296296296294
4 0.4125 0.30833333333333335 0.058333333333333334 0.027777777777777776
4 0.42552083333333335 0.41759259259259257 0.053125 0.03518518518518519
4 0.45729166666666665 0.4212962962962963 0.06875 0.046296296296296294
4 0.4557291666666667 0.42407407407407405 0.06979166666666667 0.05185185185185185
4 0.4765625 0.2962962962962963 0.06770833333333333 0.02962962962962963
4 0.4234375 0.37222222222222223 0.06979166666666667 0.05185185185185185
4 0.42083333333333334 0.5055555555555555 0.04375 0.03333333333333333
4 0.5296875 0.5259259259259259 0.05520833333333333 0.02962962962962963
4 0.4390625 0.46574074074074073 0.04479166666666667 0.027777777777777776
5 0.6041666666666666 0.9527777777777777 0.08333333333333333 0.09074074074074075
4 0.6359375 0.26666666666666666 0.065625 0.037037037037037035
4 0.5447916666666667 0.22314814814814815 0.06458333333333334 0.027777777777777776
4 0.5161458333333333 0.3972222222222222 0.059375 0.03888888888888889
4 0.6463541666666667 0.3277777777777778 0.04479166666666667 0.044444444444444446
4 0.5875 0.43796296296296294 0.035416666666666666 0.03518518518518519
4 0.4479166666666667 0.5231481481481481 0.058333333333333334 0.06851851851851852
4 0.5890625 0.3685185185185185 0.040625 0.037037037037037035
4 0.5411458333333333 0.45 0.05520833333333333 0.02962962962962963
4 0.4864583333333333 0.4462962962962963 0.05416666666666667 0.040740740740740744