4 0.36614583333333334 0.687962962962963 0.103125 0.11296296296296296
4 0.5177083333333333 0.8194444444444444 0.1 0.10925925925925926
4 0.2630208333333333 0.8898148148148148 0.08229166666666667 0.09074074074074075
4 0.2859375 0.9055555555555556 0.11354166666666667 0.14444444444444443
4 0.43072916666666666 0.7175925925925926 0.084375 0.11296296296296296
4 0.2950520833333333 0.9736111111111111 0.07135416666666666 0.05092592592592592
4 0.2755208333333333 0.7435185185185185 0.09270833333333334 0.10185185185185185
4 0.37734375 0.9412037037037037 0.08802083333333334 0.11574074074074074
4 0.4515625 0.8101851851851852 0.090625 0.14629629629629629
4 0.46536458333333336 0.9837962962962963 0.0515625 0.030555555555555555
4 0.3411458333333333 0.825925925925926 0.06145833333333333 0.0962962962962963
4 0.5135416666666667 0.9212962962962963 0.0875 0.09814814814814815
4 0.5598958333333334 0.8685185185185185 0.08229166666666667 0.07777777777777778
4 0.30520833333333336 0.7925925925925926 0.08541666666666667 0.14074074074074075
5 0.6083333333333333 0.9416666666666667 0.06041666666666667 0.11296296296296296