4 0.4119791666666667 0.2814814814814815 0.07395833333333333 0.040740740740740744
4 0.3875 0.3074074074074074 0.0625 0.025925925925925925
4 0.3848958333333333 0.4425925925925926 0.059375 0.03333333333333333
4 0.409375 0.4787037037037037 0.06458333333333334 0.05740740740740741
4 0.44427083333333334 0.30092592592592593 0.06770833333333333 0.03518518518518519
4 0.3734375 0.3962962962962963 0.06979166666666667 0.04814814814814815
4 0.3953125 0.5185185185185185 0.034375 0.037037037037037035
4 0.49895833333333334 0.5157407407407407 0.058333333333333334 0.027777777777777776
5 0.6041666666666666 0.9527777777777777 0.08333333333333333 0.09074074074074075
4 0.5838541666666667 0.2814814814814815 0.071875 0.02962962962962963
4 0.5359375 0.19444444444444445 0.06354166666666666 0.025925925925925925
4 0.48489583333333336 0.4074074074074074 0.057291666666666664 0.044444444444444446
4 0.6036458333333333 0.3277777777777778 0.065625 0.037037037037037035
4 0.5458333333333333 0.43703703703703706 0.04375 0.040740740740740744
4 0.42135416666666664 0.5555555555555556 0.06354166666666666 0.07037037037037037
4 0.5473958333333333 0.34814814814814815 0.06979166666666667 0.044444444444444446
4 0.4890625 0.4740740740740741 0.05520833333333333 0.03333333333333333
4 0.4609375 0.45092592592592595 0.059375 0.03518518518518519