5 0.45260416666666664 0.9333333333333333 0.07395833333333333 0.10740740740740741
0 0.6416666666666667 0.8 0.03958333333333333 0.04814814814814815
4 0.018229166666666668 0.7268518518518519 0.036458333333333336 0.024074074074074074
4 0.010416666666666666 0.8222222222222222 0.020833333333333332 0.022222222222222223
4 0.04791666666666667 0.7138888888888889 0.0625 0.05
4 0.03333333333333333 0.6361111111111111 0.06666666666666667 0.03518518518518519
4 0.03125 0.8666666666666667 0.0625 0.044444444444444446
4 0.05364583333333333 0.9462962962962963 0.08645833333333333 0.04814814814814815
4 0.04583333333333333 0.6425925925925926 0.05416666666666667 0.02962962962962963
4 0.08072916666666667 0.8157407407407408 0.08229166666666667 0.04259259259259259
4 0.016145833333333335 0.49907407407407406 0.03229166666666667 0.053703703703703705