4 0.14270833333333333 0.7833333333333333 0.03333333333333333 0.022222222222222223
4 0.11354166666666667 0.7027777777777777 0.05 0.027777777777777776
4 0.10364583333333334 0.6361111111111111 0.028125 0.020370370370370372
4 0.08802083333333334 0.5111111111111111 0.034375 0.025925925925925925
5 0.46510416666666665 0.9185185185185185 0.06145833333333333 0.1259259259259259
4 0.096875 0.8388888888888889 0.04583333333333333 0.025925925925925925
4 0.06145833333333333 0.8203703703703704 0.027083333333333334 0.018518518518518517
0 0.6010416666666667 0.9092592592592592 0.041666666666666664 0.05555555555555555
4 0.023958333333333335 0.9657407407407408 0.03125 0.024074074074074074
4 0.07708333333333334 0.8240740740740741 0.025 0.022222222222222223
4 0.0203125 0.8972222222222223 0.03854166666666667 0.046296296296296294
4 0.03697916666666667 0.7388888888888889 0.023958333333333335 0.02962962962962963
4 0.016666666666666666 0.5564814814814815 0.03125 0.020370370370370372
4 0.015625 0.6175925925925926 0.027083333333333334 0.024074074074074074