5 0.471875 0.8925925925925926 0.04583333333333333 0.08518518518518518
4 0.75625 0.7027777777777777 0.07083333333333333 0.053703703703703705
4 0.5807291666666666 0.9074074074074074 0.090625 0.17037037037037037
4 0.665625 0.7444444444444445 0.0625 0.11481481481481481
4 0.7114583333333333 0.8935185185185185 0.08125 0.10925925925925926
4 0.8052083333333333 0.9138888888888889 0.027083333333333334 0.09814814814814815
4 0.8359375 0.8722222222222222 0.026041666666666668 0.1
4 0.5888020833333333 0.9717592592592592 0.0609375 0.05462962962962963
4 0.5653645833333333 0.9319444444444445 0.018229166666666668 0.13425925925925927
4 0.7333333333333333 0.812037037037037 0.07916666666666666 0.046296296296296294
4 0.828125 0.7444444444444445 0.07083333333333333 0.06296296296296296