4 0.321875 0.6555555555555556 0.09583333333333334 0.11851851851851852
4 0.32864583333333336 0.43148148148148147 0.10104166666666667 0.16296296296296298
4 0.4859375 0.6564814814814814 0.09479166666666666 0.1388888888888889
4 0.18958333333333333 0.675 0.11458333333333333 0.13148148148148148
4 0.4203125 0.7462962962962963 0.06145833333333333 0.07407407407407407
4 0.2786458333333333 0.6694444444444444 0.090625 0.17222222222222222
4 0.15572916666666667 0.7731481481481481 0.11770833333333333 0.14629629629629629
4 0.30416666666666664 0.7851851851851852 0.1375 0.17037037037037037
4 0.3359375 0.7092592592592593 0.084375 0.09259259259259259
4 0.20520833333333333 0.8240740740740741 0.11041666666666666 0.2037037037037037
4 0.24739583333333334 0.5527777777777778 0.10729166666666666 0.10185185185185185
4 0.2625 0.9148148148148149 0.1 0.12962962962962962
4 0.23385416666666667 0.8490740740740741 0.03854166666666667 0.07222222222222222
4 0.3984375 0.5888888888888889 0.11145833333333334 0.17037037037037037
4 0.41510416666666666 0.9203703703703704 0.090625 0.0962962962962963
4 0.42473958333333334 0.9560185185185185 0.07447916666666667 0.08611111111111111
4 0.22239583333333332 0.5157407407407407 0.10520833333333333 0.17222222222222222
4 0.46875 0.5805555555555556 0.07083333333333333 0.1574074074074074
5 0.6083333333333333 0.9416666666666667 0.06041666666666667 0.11296296296296296