5 0.45260416666666664 0.9333333333333333 0.07395833333333333 0.10740740740740741
0 0.6416666666666667 0.8018518518518518 0.04375 0.04814814814814815
4 0.015104166666666667 0.7222222222222222 0.030208333333333334 0.018518518518518517
4 0.011979166666666667 0.8203703703703704 0.023958333333333335 0.022222222222222223
4 0.0421875 0.7157407407407408 0.059375 0.053703703703703705
4 0.03229166666666667 0.6314814814814815 0.06458333333333334 0.03333333333333333
4 0.03229166666666667 0.8759259259259259 0.06041666666666667 0.040740740740740744
4 0.06145833333333333 0.950925925925926 0.08541666666666667 0.05
4 0.0453125 0.6287037037037037 0.057291666666666664 0.027777777777777776
4 0.08385416666666666 0.8101851851851852 0.08020833333333334 0.046296296296296294
4 0.013020833333333334 0.487962962962963 0.026041666666666668 0.06111111111111111