4 0.21875 0.5416666666666666 0.05625 0.05
4 0.18072916666666666 0.6972222222222222 0.05520833333333333 0.07592592592592592
4 0.17604166666666668 0.6388888888888888 0.03958333333333333 0.037037037037037035
4 0.228125 0.7185185185185186 0.075 0.05185185185185185
4 0.21354166666666666 0.5657407407407408 0.07291666666666667 0.053703703703703705
4 0.171875 0.7592592592592593 0.04791666666666667 0.03333333333333333
4 0.34739583333333335 0.7435185185185185 0.07395833333333333 0.05
4 0.2640625 0.812962962962963 0.04479166666666667 0.03333333333333333
5 0.6041666666666666 0.9527777777777777 0.08333333333333333 0.09074074074074075
4 0.3609375 0.42314814814814816 0.071875 0.04259259259259259
4 0.24375 0.42314814814814816 0.06666666666666667 0.046296296296296294
4 0.2677083333333333 0.6370370370370371 0.075 0.04814814814814815
4 0.3104166666666667 0.46944444444444444 0.07708333333333334 0.053703703703703705
4 0.29010416666666666 0.8138888888888889 0.057291666666666664 0.046296296296296294
4 0.221875 0.7212962962962963 0.06458333333333334 0.04259259259259259
4 0.384375 0.562962962962963 0.075 0.07777777777777778
4 0.26666666666666666 0.7481481481481481 0.04583333333333333 0.037037037037037035
4 0.26666666666666666 0.6046296296296296 0.058333333333333334 0.053703703703703705
4 0.22864583333333333 0.6592592592592592 0.042708333333333334 0.02962962962962963