4 0.23958333333333334 0.41388888888888886 0.0625 0.06111111111111111
4 0.20208333333333334 0.5222222222222223 0.0625 0.05925925925925926
4 0.24947916666666667 0.5037037037037037 0.05520833333333333 0.044444444444444446
4 0.3375 0.6361111111111111 0.05416666666666667 0.03148148148148148
4 0.2677083333333333 0.6509259259259259 0.07708333333333334 0.06111111111111111
4 0.26510416666666664 0.4583333333333333 0.07604166666666666 0.046296296296296294
4 0.2390625 0.6416666666666667 0.057291666666666664 0.05740740740740741
4 0.4119791666666667 0.5722222222222222 0.065625 0.07777777777777778
4 0.3109375 0.775 0.053125 0.03888888888888889
5 0.6041666666666666 0.9527777777777777 0.08333333333333333 0.09074074074074075
4 0.44375 0.26481481481481484 0.075 0.07037037037037037
4 0.31927083333333334 0.27314814814814814 0.053125 0.053703703703703705
4 0.3359375 0.5537037037037037 0.06979166666666667 0.04814814814814815
4 0.4041666666666667 0.3194444444444444 0.07291666666666667 0.046296296296296294
4 0.41041666666666665 0.6046296296296296 0.06666666666666667 0.06851851851851852
4 0.25052083333333336 0.6851851851851852 0.053125 0.05555555555555555
4 0.4473958333333333 0.42314814814814816 0.06770833333333333 0.07592592592592592
4 0.3125 0.6972222222222222 0.04791666666666667 0.04259259259259259
4 0.28489583333333335 0.5740740740740741 0.042708333333333334 0.040740740740740744