4 0.3265625 0.6462962962962963 0.09270833333333334 0.14814814814814814
4 0.5020833333333333 0.7944444444444444 0.1 0.1111111111111111
4 0.28958333333333336 0.7462962962962963 0.07916666666666666 0.08518518518518518
4 0.21927083333333333 0.8944444444444445 0.04895833333333333 0.06296296296296296
4 0.26510416666666664 0.812962962962963 0.13854166666666667 0.16296296296296298
4 0.3890625 0.6666666666666666 0.09895833333333333 0.1111111111111111
4 0.2591145833333333 0.9486111111111111 0.08697916666666666 0.10092592592592593
4 0.23958333333333334 0.6481481481481481 0.10416666666666667 0.14444444444444443
4 0.35963541666666665 0.9513888888888888 0.09010416666666667 0.09537037037037037
4 0.35572916666666665 0.9 0.08229166666666667 0.10740740740740741
4 0.4348958333333333 0.7305555555555555 0.09479166666666666 0.1685185185185185
4 0.3140625 0.8027777777777778 0.07604166666666666 0.12037037037037036
4 0.4778645833333333 0.9365740740740741 0.09114583333333333 0.125
4 0.24947916666666667 0.6972222222222222 0.08645833333333333 0.19074074074074074
5 0.6083333333333333 0.9416666666666667 0.06041666666666667 0.11296296296296296