4 0.13489583333333333 0.524074074074074 0.071875 0.03333333333333333
4 0.18125 0.9555555555555556 0.05625 0.03333333333333333
5 0.609375 0.9527777777777777 0.08333333333333333 0.09074074074074075
4 0.1828125 0.8064814814814815 0.08229166666666667 0.05
4 0.09166666666666666 0.5648148148148148 0.06041666666666667 0.040740740740740744
4 0.12916666666666668 0.6370370370370371 0.075 0.037037037037037035
4 0.07239583333333334 0.7240740740740741 0.065625 0.037037037037037035
4 0.10208333333333333 0.762962962962963 0.058333333333333334 0.037037037037037035
4 0.0625 0.8944444444444445 0.041666666666666664 0.06296296296296296
4 0.09635416666666667 0.7898148148148149 0.06770833333333333 0.03148148148148148
4 0.1203125 0.8166666666666667 0.04895833333333333 0.037037037037037035