4 0.22291666666666668 0.5027777777777778 0.052083333333333336 0.05740740740740741
4 0.17552083333333332 0.6212962962962963 0.046875 0.07592592592592592
4 0.19791666666666666 0.5814814814814815 0.04375 0.05185185185185185
4 0.25 0.6833333333333333 0.08125 0.05555555555555555
4 0.22864583333333333 0.5111111111111111 0.065625 0.06296296296296296
4 0.2015625 0.6888888888888889 0.057291666666666664 0.044444444444444446
4 0.365625 0.7129629629629629 0.07291666666666667 0.044444444444444446
4 0.2765625 0.8046296296296296 0.04895833333333333 0.03888888888888889
5 0.6041666666666666 0.9527777777777777 0.08333333333333333 0.09074074074074075
4 0.4239583333333333 0.38981481481481484 0.075 0.046296296296296294
4 0.2609375 0.39444444444444443 0.06354166666666666 0.037037037037037035
4 0.30104166666666665 0.6157407407407407 0.07916666666666666 0.05
4 0.31354166666666666 0.4324074074074074 0.06458333333333334 0.05
4 0.32760416666666664 0.7564814814814815 0.06145833333333333 0.05
4 0.23229166666666667 0.7175925925925926 0.06458333333333334 0.04259259259259259
4 0.403125 0.5268518518518519 0.08125 0.05740740740740741
4 0.2760416666666667 0.7342592592592593 0.04583333333333333 0.046296296296296294
4 0.2677083333333333 0.5953703703703703 0.05 0.03518518518518519
4 0.253125 0.6333333333333333 0.04791666666666667 0.03333333333333333