4 0.15104166666666666 0.7546296296296297 0.03333333333333333 0.024074074074074074
4 0.103125 0.6777777777777778 0.04791666666666667 0.025925925925925925
4 0.0890625 0.625 0.028125 0.020370370370370372
4 0.0859375 0.49444444444444446 0.030208333333333334 0.025925925925925925
5 0.46510416666666665 0.9185185185185185 0.06145833333333333 0.1259259259259259
4 0.09479166666666666 0.8314814814814815 0.04583333333333333 0.025925925925925925
4 0.0484375 0.8055555555555556 0.028125 0.018518518518518517
0 0.6010416666666667 0.9092592592592592 0.041666666666666664 0.05555555555555555
4 0.03125 0.9472222222222222 0.0375 0.027777777777777776
4 0.06927083333333334 0.8185185185185185 0.023958333333333335 0.022222222222222223
4 0.0109375 0.8657407407407407 0.021875 0.03888888888888889
4 0.025 0.7314814814814815 0.020833333333333332 0.025925925925925925
4 0.011458333333333333 0.6185185185185185 0.022916666666666665 0.022222222222222223