4 0.10052083333333334 0.42777777777777776 0.07604166666666666 0.03333333333333333
4 0.09479166666666666 0.9055555555555556 0.058333333333333334 0.040740740740740744
5 0.609375 0.9527777777777777 0.08333333333333333 0.09074074074074075
4 0.165625 0.7490740740740741 0.07083333333333333 0.05740740740740741
4 0.04583333333333333 0.5009259259259259 0.0625 0.04259259259259259
4 0.07552083333333333 0.562037037037037 0.065625 0.046296296296296294
4 0.0375 0.6240740740740741 0.07083333333333333 0.040740740740740744
4 0.05416666666666667 0.687962962962963 0.05416666666666667 0.03888888888888889
4 0.022395833333333334 0.8333333333333334 0.042708333333333334 0.044444444444444446
4 0.0421875 0.7138888888888889 0.057291666666666664 0.03148148148148148
4 0.09635416666666667 0.725925925925926 0.04895833333333333 0.037037037037037035