5 0.471875 0.8925925925925926 0.04583333333333333 0.08518518518518518
4 0.7572916666666667 0.7046296296296296 0.07083333333333333 0.053703703703703705
4 0.6666666666666666 0.7425925925925926 0.0625 0.11481481481481481
4 0.5786458333333333 0.9120370370370371 0.090625 0.1685185185185185
4 0.7119791666666667 0.8935185185185185 0.08020833333333334 0.10925925925925926
4 0.80625 0.9120370370370371 0.027083333333333334 0.09814814814814815
4 0.8359375 0.8722222222222222 0.026041666666666668 0.1
4 0.5893229166666667 0.9717592592592592 0.059895833333333336 0.05462962962962963
4 0.5609375 0.9342592592592592 0.017708333333333333 0.12777777777777777
4 0.7375 0.8138888888888889 0.07083333333333333 0.046296296296296294
4 0.8270833333333333 0.7462962962962963 0.07083333333333333 0.06666666666666667