5 0.471875 0.8925925925925926 0.04583333333333333 0.08518518518518518
4 0.7505208333333333 0.700925925925926 0.065625 0.08703703703703704
4 0.6635416666666667 0.7462962962962963 0.0625 0.12222222222222222
4 0.5838541666666667 0.9 0.090625 0.17407407407407408
4 0.7125 0.8898148148148148 0.08125 0.11296296296296296
4 0.8083333333333333 0.9027777777777778 0.027083333333333334 0.09814814814814815
4 0.8359375 0.8703703703703703 0.026041666666666668 0.0962962962962963
4 0.5888020833333333 0.9699074074074074 0.0609375 0.058333333333333334
4 0.5734375 0.9231481481481482 0.017708333333333333 0.15
4 0.7276041666666667 0.8101851851851852 0.084375 0.05
4 0.6966145833333334 0.9745370370370371 0.03697916666666667 0.049074074074074076
4 0.8291666666666667 0.7407407407407407 0.07083333333333333 0.05925925925925926