5 0.45260416666666664 0.9333333333333333 0.07395833333333333 0.10740740740740741
0 0.6421875 0.8055555555555556 0.04479166666666667 0.05555555555555555
4 0.0125 0.725 0.025 0.016666666666666666
4 0.017708333333333333 0.8064814814814815 0.035416666666666666 0.027777777777777776
4 0.021354166666666667 0.725 0.042708333333333334 0.046296296296296294
4 0.027083333333333334 0.6018518518518519 0.05416666666666667 0.025925925925925925
4 0.03177083333333333 0.8703703703703703 0.06354166666666666 0.025925925925925925
4 0.06197916666666667 0.9722222222222222 0.08229166666666667 0.044444444444444446
4 0.028125 0.5805555555555556 0.05625 0.020370370370370372
4 0.06197916666666667 0.7768518518518519 0.07604166666666666 0.05
4 0.0171875 0.42685185185185187 0.034375 0.06851851851851852