4 0.3932291666666667 0.7203703703703703 0.08229166666666667 0.10740740740740741
4 0.528125 0.8212962962962963 0.09375 0.07592592592592592
4 0.2598958333333333 0.9675925925925926 0.026041666666666668 0.046296296296296294
4 0.3265625 0.9138888888888889 0.11770833333333333 0.12777777777777777
4 0.46458333333333335 0.7287037037037037 0.09583333333333334 0.09444444444444444
4 0.29583333333333334 0.7787037037037037 0.07083333333333333 0.09074074074074075
4 0.4122395833333333 0.9476851851851852 0.07864583333333333 0.10277777777777777
4 0.45625 0.862037037037037 0.09166666666666666 0.12407407407407407
4 0.3796875 0.9092592592592592 0.08020833333333334 0.08518518518518518
4 0.38385416666666666 0.812037037037037 0.07604166666666666 0.08333333333333333
4 0.5458333333333333 0.9194444444444444 0.08958333333333333 0.08703703703703704
4 0.5036458333333333 0.8675925925925926 0.05520833333333333 0.06481481481481481
4 0.5567708333333333 0.8685185185185185 0.084375 0.08518518518518518
4 0.32395833333333335 0.7925925925925926 0.08541666666666667 0.14074074074074075
5 0.6083333333333333 0.9416666666666667 0.06041666666666667 0.11296296296296296