4 0.2526041666666667 0.38981481481481484 0.057291666666666664 0.06851851851851852
4 0.2109375 0.512962962962963 0.06354166666666666 0.05925925925925926
4 0.24895833333333334 0.4722222222222222 0.03958333333333333 0.04814814814814815
4 0.33229166666666665 0.6111111111111112 0.0375 0.02962962962962963
4 0.2765625 0.6453703703703704 0.07604166666666666 0.05740740740740741
4 0.27760416666666665 0.4351851851851852 0.071875 0.05555555555555555
4 0.24427083333333333 0.6324074074074074 0.05520833333333333 0.05740740740740741
4 0.4197916666666667 0.5546296296296296 0.05 0.07222222222222222
4 0.3302083333333333 0.7490740740740741 0.052083333333333336 0.04259259259259259
5 0.6041666666666666 0.9527777777777777 0.08333333333333333 0.09074074074074075
4 0.446875 0.24722222222222223 0.075 0.06851851851851852
4 0.328125 0.24537037037037038 0.04791666666666667 0.046296296296296294
4 0.34427083333333336 0.5259259259259259 0.08020833333333334 0.05925925925925926
4 0.41354166666666664 0.31296296296296294 0.075 0.05925925925925926
4 0.4276041666666667 0.5842592592592593 0.065625 0.06851851851851852
4 0.25885416666666666 0.6768518518518518 0.04895833333333333 0.04259259259259259
4 0.45208333333333334 0.4222222222222222 0.07083333333333333 0.07777777777777778
4 0.30885416666666665 0.6833333333333333 0.040625 0.037037037037037035
4 0.28958333333333336 0.5453703703703704 0.03958333333333333 0.04259259259259259