4 0.5328125 0.27685185185185185 0.051041666666666666 0.03518518518518519
4 0.4984375 0.35648148148148145 0.06770833333333333 0.03888888888888889
4 0.5005208333333333 0.4046296296296296 0.04895833333333333 0.03518518518518519
4 0.5354166666666667 0.44351851851851853 0.041666666666666664 0.027777777777777776
4 0.5348958333333333 0.4046296296296296 0.04895833333333333 0.046296296296296294
4 0.5546875 0.30648148148148147 0.053125 0.03148148148148148
4 0.5 0.3685185185185185 0.058333333333333334 0.03333333333333333
4 0.5182291666666666 0.512962962962963 0.04895833333333333 0.02962962962962963
4 0.5661458333333333 0.4064814814814815 0.051041666666666666 0.03518518518518519
4 0.5291666666666667 0.4148148148148148 0.035416666666666666 0.022222222222222223
5 0.6041666666666666 0.9527777777777777 0.08333333333333333 0.09074074074074075
4 0.6307291666666667 0.22777777777777777 0.04479166666666667 0.04814814814814815
4 0.5625 0.2175925925925926 0.0375 0.03148148148148148
4 0.5921875 0.34444444444444444 0.04479166666666667 0.025925925925925925
4 0.6692708333333334 0.2814814814814815 0.04479166666666667 0.044444444444444446
4 0.659375 0.35185185185185186 0.03333333333333333 0.02962962962962963
4 0.5557291666666667 0.4666666666666667 0.04479166666666667 0.03333333333333333
4 0.5901041666666667 0.43703703703703706 0.019791666666666666 0.025925925925925925