4 0.5510416666666667 0.2361111111111111 0.04791666666666667 0.04259259259259259
4 0.5317708333333333 0.3194444444444444 0.059375 0.053703703703703705
4 0.521875 0.37777777777777777 0.03333333333333333 0.03333333333333333
4 0.5427083333333333 0.43148148148148147 0.04791666666666667 0.02962962962962963
4 0.5692708333333333 0.37592592592592594 0.040625 0.03333333333333333
4 0.5677083333333334 0.30648148148148147 0.03958333333333333 0.03148148148148148
4 0.5369791666666667 0.34629629629629627 0.04895833333333333 0.02962962962962963
4 0.5546875 0.4824074074074074 0.046875 0.027777777777777776
4 0.5864583333333333 0.4046296296296296 0.03333333333333333 0.024074074074074074
4 0.6109375 0.4722222222222222 0.04479166666666667 0.025925925925925925
4 0.5885416666666666 0.42777777777777776 0.035416666666666666 0.022222222222222223
5 0.6046875 0.9527777777777777 0.08229166666666667 0.09074074074074075
4 0.6427083333333333 0.23333333333333334 0.027083333333333334 0.025925925925925925
4 0.60625 0.11203703703703703 0.03958333333333333 0.03148148148148148
4 0.6291666666666667 0.3398148148148148 0.03333333333333333 0.03148148148148148
4 0.6994791666666667 0.37962962962962965 0.028125 0.025925925925925925