5 0.471875 0.8925925925925926 0.04583333333333333 0.08518518518518518
4 0.7515625 0.7166666666666667 0.065625 0.08888888888888889
4 0.6354166666666666 0.7712962962962963 0.06041666666666667 0.09814814814814815
0 0.5520833333333334 0.9407407407407408 0.035416666666666666 0.06296296296296296
4 0.628125 0.8435185185185186 0.06041666666666667 0.17222222222222222
4 0.7328125 0.8388888888888889 0.06145833333333333 0.15555555555555556
4 0.8333333333333334 0.8611111111111112 0.025 0.07037037037037037
4 0.5815104166666667 0.9662037037037037 0.04635416666666667 0.06574074074074074
4 0.6489583333333333 0.8444444444444444 0.022916666666666665 0.0962962962962963
4 0.6708333333333333 0.8314814814814815 0.06041666666666667 0.09259259259259259
4 0.7885416666666667 0.8083333333333333 0.05625 0.05
4 0.8208333333333333 0.712037037037037 0.05416666666666667 0.04259259259259259
4 0.64375 0.9314814814814815 0.06041666666666667 0.07037037037037037