4 0.35260416666666666 0.45 0.11145833333333334 0.13703703703703704
4 0.4864583333333333 0.6833333333333333 0.08333333333333333 0.16666666666666666
4 0.1875 0.7074074074074074 0.10625 0.12962962962962962
4 0.42083333333333334 0.75 0.07083333333333333 0.09259259259259259
4 0.2859375 0.7129629629629629 0.09479166666666666 0.14074074074074075
4 0.14479166666666668 0.7870370370370371 0.10625 0.14444444444444443
4 0.28072916666666664 0.8185185185185185 0.11145833333333334 0.23703703703703705
4 0.34270833333333334 0.7046296296296296 0.07291666666666667 0.07962962962962963
4 0.215625 0.8638888888888889 0.0875 0.17592592592592593
4 0.24322916666666666 0.5564814814814815 0.115625 0.11666666666666667
4 0.2869791666666667 0.9074074074074074 0.103125 0.14074074074074075
4 0.23385416666666667 0.8490740740740741 0.03854166666666667 0.07222222222222222
4 0.40625 0.5925925925925926 0.09375 0.1814814814814815
4 0.39427083333333335 0.9175925925925926 0.08645833333333333 0.10185185185185185
4 0.41822916666666665 0.9537037037037037 0.103125 0.07777777777777778
4 0.2015625 0.5564814814814815 0.11354166666666667 0.1685185185185185
4 0.484375 0.6268518518518519 0.06458333333333334 0.14629629629629629
5 0.6083333333333333 0.9416666666666667 0.06041666666666667 0.11296296296296296