4 0.3140625 0.637962962962963 0.078125 0.09074074074074075
4 0.3140625 0.4527777777777778 0.11354166666666667 0.12407407407407407
4 0.5026041666666666 0.6685185185185185 0.10729166666666666 0.14444444444444443
4 0.20208333333333334 0.6601851851851852 0.1125 0.10555555555555556
4 0.4296875 0.7453703703703703 0.057291666666666664 0.06481481481481481
4 0.2598958333333333 0.6851851851851852 0.096875 0.16296296296296298
4 0.16302083333333334 0.7296296296296296 0.103125 0.13703703703703704
4 0.3234375 0.8342592592592593 0.128125 0.17962962962962964
4 0.3359375 0.7388888888888889 0.103125 0.10740740740740741
4 0.21927083333333333 0.8351851851851851 0.115625 0.17777777777777778
4 0.23697916666666666 0.5685185185185185 0.10520833333333333 0.11851851851851852
4 0.23645833333333333 0.9342592592592592 0.06666666666666667 0.10185185185185185
4 0.25104166666666666 0.8296296296296296 0.09166666666666666 0.10740740740740741
4 0.42916666666666664 0.5972222222222222 0.13958333333333334 0.13148148148148148
4 0.4010416666666667 0.9546296296296296 0.075 0.07592592592592592
4 0.21145833333333333 0.5472222222222223 0.125 0.1425925925925926
4 0.4817708333333333 0.5166666666666667 0.04895833333333333 0.08518518518518518
5 0.6083333333333333 0.9416666666666667 0.06041666666666667 0.11296296296296296