4 0.20052083333333334 0.649074074074074 0.06145833333333333 0.04259259259259259
4 0.13802083333333334 0.7129629629629629 0.059375 0.03333333333333333
4 0.16822916666666668 0.8416666666666667 0.057291666666666664 0.03518518518518519
4 0.34739583333333335 0.8694444444444445 0.05520833333333333 0.04259259259259259
5 0.609375 0.9527777777777777 0.08333333333333333 0.09074074074074075
4 0.2911458333333333 0.6268518518518519 0.071875 0.07222222222222222
4 0.20364583333333333 0.5925925925925926 0.06354166666666666 0.044444444444444446
4 0.21666666666666667 0.8611111111111112 0.06458333333333334 0.044444444444444446
4 0.271875 0.6546296296296297 0.05625 0.046296296296296294
4 0.17552083333333332 0.9064814814814814 0.06145833333333333 0.046296296296296294
4 0.3203125 0.712037037037037 0.051041666666666666 0.06481481481481481
4 0.24791666666666667 0.7712962962962963 0.04791666666666667 0.04259259259259259
4 0.16666666666666666 0.7564814814814815 0.06875 0.03148148148148148