4 0.26979166666666665 0.3388888888888889 0.0625 0.044444444444444446
4 0.24375 0.4675925925925926 0.06458333333333334 0.06481481481481481
4 0.25885416666666666 0.4111111111111111 0.03854166666666667 0.044444444444444446
4 0.30885416666666665 0.5472222222222223 0.04479166666666667 0.05
4 0.30104166666666665 0.5833333333333334 0.06875 0.08888888888888889
4 0.303125 0.37592592592592594 0.06875 0.06666666666666667
4 0.24479166666666666 0.6046296296296296 0.05 0.06481481481481481
4 0.3963541666666667 0.5462962962962963 0.04479166666666667 0.08888888888888889
4 0.3572916666666667 0.6574074074074074 0.05 0.06666666666666667
5 0.6041666666666666 0.9527777777777777 0.08333333333333333 0.09074074074074075
4 0.45 0.24814814814814815 0.07291666666666667 0.040740740740740744
4 0.3645833333333333 0.1574074074074074 0.07083333333333333 0.07777777777777778
4 0.35520833333333335 0.4824074074074074 0.07291666666666667 0.07962962962962963
4 0.4270833333333333 0.30833333333333335 0.06666666666666667 0.04259259259259259
4 0.44166666666666665 0.5703703703703704 0.058333333333333334 0.044444444444444446
4 0.2859375 0.6685185185185185 0.06979166666666667 0.037037037037037035
4 0.4557291666666667 0.42777777777777776 0.06979166666666667 0.06296296296296296
4 0.3229166666666667 0.6231481481481481 0.0375 0.03518518518518519
4 0.31614583333333335 0.4583333333333333 0.053125 0.05740740740740741