4 0.34479166666666666 0.65 0.10833333333333334 0.1111111111111111
4 0.27395833333333336 0.5888888888888889 0.07083333333333333 0.05555555555555555
4 0.3625 0.4685185185185185 0.13541666666666666 0.13703703703703704
4 0.5026041666666666 0.7055555555555556 0.121875 0.13703703703703704
4 0.21510416666666668 0.7175925925925926 0.121875 0.10185185185185185
4 0.265625 0.7592592592592593 0.10208333333333333 0.11481481481481481
4 0.15885416666666666 0.8074074074074075 0.115625 0.1037037037037037
4 0.38333333333333336 0.8296296296296296 0.11875 0.1814814814814815
4 0.3260416666666667 0.8231481481481482 0.09583333333333334 0.09074074074074075
4 0.21458333333333332 0.862037037037037 0.14375 0.13148148148148148
4 0.24036458333333333 0.9449074074074074 0.11197916666666667 0.10833333333333334
4 0.4395833333333333 0.6231481481481481 0.12291666666666666 0.16111111111111112
4 0.4239583333333333 0.9722222222222222 0.04375 0.044444444444444446
4 0.21145833333333333 0.6648148148148149 0.11875 0.13333333333333333
4 0.44427083333333334 0.5962962962962963 0.11354166666666667 0.11851851851851852
5 0.6083333333333333 0.9416666666666667 0.06041666666666667 0.11296296296296296