5 0.471875 0.8925925925925926 0.04583333333333333 0.08518518518518518
4 0.7546875 0.7157407407407408 0.065625 0.08333333333333333
4 0.6354166666666666 0.7824074074074074 0.06041666666666667 0.09444444444444444
0 0.553125 0.9398148148148148 0.0375 0.06481481481481481
4 0.6354166666666666 0.8472222222222222 0.06041666666666667 0.17962962962962964
4 0.7390625 0.8296296296296296 0.057291666666666664 0.15555555555555556
4 0.8333333333333334 0.8611111111111112 0.025 0.07037037037037037
4 0.5872395833333334 0.9726851851851852 0.04114583333333333 0.05277777777777778
4 0.6588541666666666 0.8462962962962963 0.028125 0.0962962962962963
4 0.6765625 0.8435185185185186 0.06145833333333333 0.07962962962962963
4 0.7880208333333333 0.812037037037037 0.05520833333333333 0.05
4 0.8052083333333333 0.7203703703703703 0.05 0.04814814814814815
4 0.6416666666666667 0.9472222222222222 0.06041666666666667 0.06111111111111111