5 0.4515625 0.9351851851851852 0.07395833333333333 0.10740740740740741
0 0.6385416666666667 0.8305555555555556 0.03958333333333333 0.053703703703703705
4 0.1 0.7777777777777778 0.0625 0.03333333333333333
4 0.07604166666666666 0.8648148148148148 0.06458333333333334 0.04814814814814815
4 0.0609375 0.8064814814814815 0.06354166666666666 0.07222222222222222
4 0.030729166666666665 0.8222222222222222 0.03854166666666667 0.037037037037037035
4 0.023958333333333335 0.8287037037037037 0.04791666666666667 0.053703703703703705
4 0.019791666666666666 0.9148148148148149 0.03958333333333333 0.02962962962962963
4 0.039322916666666666 0.9828703703703704 0.0328125 0.032407407407407406
4 0.013020833333333334 0.9351851851851852 0.026041666666666668 0.02962962962962963
4 0.014583333333333334 0.8759259259259259 0.027083333333333334 0.025925925925925925