5 0.45260416666666664 0.9333333333333333 0.07395833333333333 0.10740740740740741
0 0.6411458333333333 0.8055555555555556 0.04479166666666667 0.05555555555555555
4 0.0125 0.7287037037037037 0.025 0.016666666666666666
4 0.015625 0.799074074074074 0.03125 0.024074074074074074
4 0.020833333333333332 0.725 0.041666666666666664 0.03148148148148148
4 0.026041666666666668 0.5851851851851851 0.052083333333333336 0.022222222222222223
4 0.0296875 0.8611111111111112 0.057291666666666664 0.025925925925925925
4 0.051041666666666666 0.9722222222222222 0.08125 0.04814814814814815
4 0.0265625 0.5694444444444444 0.053125 0.020370370370370372
4 0.05364583333333333 0.7685185185185185 0.07604166666666666 0.04814814814814815
4 0.019791666666666666 0.4083333333333333 0.03958333333333333 0.08703703703703704