4 0.05260416666666667 0.37407407407407406 0.07395833333333333 0.040740740740740744
4 0.020833333333333332 0.8 0.041666666666666664 0.04814814814814815
5 0.609375 0.9527777777777777 0.08333333333333333 0.09074074074074075
4 0.059895833333333336 0.7027777777777777 0.06770833333333333 0.046296296296296294
4 0.03177083333333333 0.4083333333333333 0.06145833333333333 0.03888888888888889
4 0.058333333333333334 0.49537037037037035 0.0625 0.04259259259259259
4 0.030208333333333334 0.5268518518518519 0.06041666666666667 0.046296296296296294
4 0.026041666666666668 0.5509259259259259 0.052083333333333336 0.04259259259259259
4 0.0171875 0.6833333333333333 0.03229166666666667 0.05185185185185185
4 0.023958333333333335 0.6046296296296296 0.04791666666666667 0.03888888888888889
4 0.06354166666666666 0.6231481481481481 0.0625 0.05