4 0.25677083333333334 0.3731481481481482 0.059375 0.053703703703703705
4 0.221875 0.5018518518518519 0.06458333333333334 0.05555555555555555
4 0.24895833333333334 0.45185185185185184 0.03958333333333333 0.04814814814814815
4 0.328125 0.5944444444444444 0.03958333333333333 0.044444444444444446
4 0.2833333333333333 0.637962962962963 0.06875 0.05740740740740741
4 0.28489583333333335 0.425 0.06979166666666667 0.053703703703703705
4 0.2453125 0.6277777777777778 0.051041666666666666 0.05555555555555555
4 0.42083333333333334 0.5370370370370371 0.05 0.09259259259259259
4 0.3421875 0.7287037037037037 0.046875 0.046296296296296294
5 0.6041666666666666 0.9527777777777777 0.08333333333333333 0.09074074074074075
4 0.44895833333333335 0.24259259259259258 0.075 0.05925925925925926
4 0.33489583333333334 0.2212962962962963 0.05520833333333333 0.06111111111111111
4 0.3489583333333333 0.5009259259259259 0.07291666666666667 0.08703703703703704
4 0.41875 0.3037037037037037 0.07291666666666667 0.05925925925925926
4 0.42864583333333334 0.5814814814814815 0.065625 0.06296296296296296
4 0.2713541666666667 0.675 0.065625 0.04259259259259259
4 0.45208333333333334 0.42407407407407405 0.07083333333333333 0.07777777777777778
4 0.31145833333333334 0.6694444444444444 0.03125 0.027777777777777776
4 0.2942708333333333 0.5194444444444445 0.040625 0.05