4 0.3609375 0.725 0.10729166666666666 0.07962962962962963
4 0.315625 0.7601851851851852 0.1375 0.05740740740740741
4 0.4484375 0.7 0.140625 0.08888888888888889
4 0.5640625 0.8555555555555555 0.15104166666666666 0.1037037037037037
4 0.26666666666666666 0.887962962962963 0.11875 0.07962962962962963
4 0.459375 0.9101851851851852 0.06041666666666667 0.053703703703703705
4 0.32135416666666666 0.9462962962962963 0.103125 0.05925925925925926
4 0.21328125 0.9569444444444445 0.09322916666666667 0.08425925925925926
4 0.33151041666666664 0.9819444444444444 0.09427083333333333 0.03425925925925926
4 0.47604166666666664 0.9398148148148148 0.14791666666666667 0.08333333333333333
4 0.21197916666666666 0.8101851851851852 0.11979166666666667 0.10185185185185185
4 0.49947916666666664 0.8064814814814815 0.13020833333333334 0.08703703703703704
5 0.6083333333333333 0.9416666666666667 0.06041666666666667 0.11296296296296296