5 0.471875 0.8925925925925926 0.04583333333333333 0.08518518518518518
4 0.7552083333333334 0.7138888888888889 0.06875 0.06481481481481481
4 0.6375 0.7916666666666666 0.052083333333333336 0.09074074074074075
0 0.5546875 0.9407407407407408 0.040625 0.06666666666666667
4 0.6473958333333333 0.8453703703703703 0.046875 0.1685185185185185
4 0.7489583333333333 0.8351851851851851 0.05625 0.14814814814814814
4 0.8333333333333334 0.8611111111111112 0.025 0.07037037037037037
4 0.5908854166666667 0.9828703703703704 0.025520833333333333 0.032407407407407406
4 0.6713541666666667 0.8629629629629629 0.028125 0.09259259259259259
4 0.68125 0.8694444444444445 0.05625 0.07962962962962963
4 0.7916666666666666 0.7351851851851852 0.06041666666666667 0.06296296296296296
4 0.6484375 0.9648148148148148 0.06354166666666666 0.06666666666666667