4 0.2015625 0.6435185185185185 0.06145833333333333 0.04259259259259259
4 0.14114583333333333 0.7129629629629629 0.059375 0.03333333333333333
4 0.16822916666666668 0.8379629629629629 0.057291666666666664 0.03518518518518519
4 0.3421875 0.862037037037037 0.05520833333333333 0.04259259259259259
4 0.22760416666666666 0.9537037037037037 0.04479166666666667 0.03333333333333333
5 0.609375 0.9527777777777777 0.08333333333333333 0.09074074074074075
4 0.2911458333333333 0.6138888888888889 0.071875 0.07222222222222222
4 0.2046875 0.5814814814814815 0.06354166666666666 0.044444444444444446
4 0.21666666666666667 0.8555555555555555 0.06458333333333334 0.044444444444444446
4 0.2760416666666667 0.6398148148148148 0.05625 0.046296296296296294
4 0.26197916666666665 0.9629629629629629 0.046875 0.040740740740740744
4 0.1828125 0.899074074074074 0.06145833333333333 0.046296296296296294
4 0.3182291666666667 0.6990740740740741 0.051041666666666666 0.06481481481481481
4 0.253125 0.7601851851851852 0.04791666666666667 0.04259259259259259
4 0.16666666666666666 0.7527777777777778 0.06875 0.03148148148148148