4 0.378125 0.7157407407407408 0.07708333333333334 0.09444444444444444
4 0.5177083333333333 0.837037037037037 0.0875 0.08888888888888889
4 0.26197916666666665 0.9351851851851852 0.05520833333333333 0.08518518518518518
4 0.30520833333333336 0.9148148148148149 0.1125 0.14814814814814814
4 0.46197916666666666 0.725 0.09479166666666666 0.10925925925925926
4 0.3033854166666667 0.9699074074074074 0.06302083333333333 0.058333333333333334
4 0.2947916666666667 0.7490740740740741 0.09375 0.09814814814814815
4 0.39765625 0.9439814814814815 0.08489583333333334 0.11018518518518519
4 0.45364583333333336 0.8574074074074074 0.10104166666666667 0.12962962962962962
4 0.3734375 0.9185185185185185 0.07604166666666666 0.08518518518518518
4 0.47317708333333336 0.9800925925925926 0.0484375 0.03796296296296296
4 0.36041666666666666 0.8398148148148148 0.05625 0.09814814814814815
4 0.5416666666666666 0.9231481481481482 0.10208333333333333 0.09814814814814815
4 0.5567708333333333 0.8666666666666667 0.08645833333333333 0.08518518518518518
4 0.31354166666666666 0.8 0.08958333333333333 0.11851851851851852
5 0.6083333333333333 0.9416666666666667 0.06041666666666667 0.11296296296296296