4 0.5427083333333333 0.2574074074074074 0.05 0.05185185185185185
4 0.5083333333333333 0.3537037037037037 0.05416666666666667 0.040740740740740744
4 0.5223958333333333 0.387037037037037 0.034375 0.03333333333333333
4 0.546875 0.43333333333333335 0.04791666666666667 0.025925925925925925
4 0.5541666666666667 0.3888888888888889 0.04583333333333333 0.044444444444444446
4 0.5625 0.2972222222222222 0.041666666666666664 0.03148148148148148
4 0.5114583333333333 0.35833333333333334 0.052083333333333336 0.03148148148148148
4 0.5390625 0.4962962962962963 0.04895833333333333 0.02962962962962963
4 0.578125 0.3962962962962963 0.03958333333333333 0.037037037037037035
4 0.5541666666666667 0.40925925925925927 0.035416666666666666 0.022222222222222223
5 0.6046875 0.9527777777777777 0.08229166666666667 0.09074074074074075
4 0.6291666666666667 0.2175925925925926 0.0375 0.03518518518518519
4 0.6151041666666667 0.3277777777777778 0.04479166666666667 0.037037037037037035
4 0.6755208333333333 0.2777777777777778 0.04479166666666667 0.044444444444444446
4 0.6822916666666666 0.37037037037037035 0.029166666666666667 0.025925925925925925
4 0.5901041666666667 0.44074074074074077 0.019791666666666666 0.025925925925925925