5 0.471875 0.8925925925925926 0.04583333333333333 0.08518518518518518
4 0.7515625 0.7074074074074074 0.065625 0.1
4 0.6395833333333333 0.7675925925925926 0.05625 0.10555555555555556
0 0.5526041666666667 0.9407407407407408 0.036458333333333336 0.06666666666666667
4 0.6177083333333333 0.8444444444444444 0.06041666666666667 0.17407407407407408
4 0.7265625 0.862037037037037 0.06979166666666667 0.13518518518518519
4 0.8333333333333334 0.8611111111111112 0.025 0.07037037037037037
4 0.5830729166666667 0.9550925925925926 0.0578125 0.08796296296296297
4 0.6348958333333333 0.8546296296296296 0.017708333333333333 0.10185185185185185
4 0.6755208333333333 0.8064814814814815 0.06770833333333333 0.09074074074074075
4 0.7869791666666667 0.7981481481481482 0.059375 0.07777777777777778
4 0.6510416666666666 0.9351851851851852 0.06875 0.08518518518518518
4 0.8265625 0.712037037037037 0.065625 0.053703703703703705