4 0.3494791666666667 0.725925925925926 0.10520833333333333 0.10740740740740741
4 0.28177083333333336 0.6222222222222222 0.09270833333333334 0.1037037037037037
4 0.4276041666666667 0.5777777777777777 0.16145833333333334 0.09259259259259259
4 0.571875 0.7953703703703704 0.1375 0.12037037037037036
4 0.24739583333333334 0.7833333333333333 0.115625 0.1259259259259259
4 0.29322916666666665 0.8583333333333333 0.08229166666666667 0.12777777777777777
4 0.18854166666666666 0.9203703703703704 0.12083333333333333 0.11481481481481481
4 0.45260416666666664 0.9398148148148148 0.14895833333333333 0.11296296296296296
4 0.30520833333333336 0.9351851851851852 0.1 0.07037037037037037
4 0.20234375 0.9560185185185185 0.11510416666666666 0.08611111111111111
4 0.43020833333333336 0.825925925925926 0.10416666666666667 0.1
4 0.20104166666666667 0.7444444444444445 0.10208333333333333 0.12222222222222222
4 0.47552083333333334 0.7472222222222222 0.13229166666666667 0.10185185185185185
5 0.6083333333333333 0.9416666666666667 0.06041666666666667 0.11296296296296296