4 0.24375 0.4083333333333333 0.06041666666666667 0.06111111111111111
4 0.203125 0.5203703703703704 0.0625 0.05555555555555555
4 0.25364583333333335 0.4981481481481482 0.05520833333333333 0.04814814814814815
4 0.3416666666666667 0.6342592592592593 0.05 0.03148148148148148
4 0.2677083333333333 0.6527777777777778 0.07708333333333334 0.06111111111111111
4 0.2671875 0.4537037037037037 0.07604166666666666 0.04814814814814815
4 0.24010416666666667 0.6398148148148148 0.057291666666666664 0.05740740740740741
4 0.41510416666666666 0.5638888888888889 0.059375 0.08333333333333333
4 0.3109375 0.7731481481481481 0.053125 0.03888888888888889
5 0.6041666666666666 0.9527777777777777 0.08333333333333333 0.09074074074074075
4 0.44375 0.26296296296296295 0.075 0.06666666666666667
4 0.3223958333333333 0.26296296296296295 0.059375 0.05925925925925926
4 0.3359375 0.549074074074074 0.06979166666666667 0.05
4 0.40625 0.3194444444444444 0.07083333333333333 0.046296296296296294
4 0.41041666666666665 0.6046296296296296 0.06666666666666667 0.06851851851851852
4 0.25052083333333336 0.6833333333333333 0.04895833333333333 0.05185185185185185
4 0.4484375 0.42314814814814816 0.06770833333333333 0.07592592592592592
4 0.3125 0.6953703703703704 0.04791666666666667 0.04259259259259259
4 0.28489583333333335 0.5694444444444444 0.042708333333333334 0.04259259259259259