4 0.39895833333333336 0.7175925925925926 0.08541666666666667 0.10555555555555556
4 0.525 0.8175925925925925 0.08125 0.07592592592592592
4 0.2755208333333333 0.9722222222222222 0.057291666666666664 0.04814814814814815
4 0.3333333333333333 0.9111111111111111 0.11666666666666667 0.12222222222222222
4 0.47239583333333335 0.7185185185185186 0.096875 0.09259259259259259
4 0.31979166666666664 0.7888888888888889 0.10625 0.08888888888888889
4 0.4153645833333333 0.9467592592592593 0.07864583333333333 0.10462962962962963
4 0.4557291666666667 0.8666666666666667 0.08854166666666667 0.12962962962962962
4 0.39010416666666664 0.8074074074074075 0.078125 0.08888888888888889
4 0.5458333333333333 0.9120370370370371 0.08958333333333333 0.09074074074074075
4 0.5104166666666666 0.8740740740740741 0.06875 0.07777777777777778
4 0.5578125 0.8685185185185185 0.08645833333333333 0.08148148148148149
4 0.328125 0.8046296296296296 0.08541666666666667 0.1388888888888889
5 0.6083333333333333 0.9416666666666667 0.06041666666666667 0.11296296296296296