5 0.45260416666666664 0.9333333333333333 0.07395833333333333 0.10740740740740741
0 0.6473958333333333 0.8074074074074075 0.04479166666666667 0.05555555555555555
4 0.015625 0.7324074074074074 0.03125 0.024074074074074074
4 0.04791666666666667 0.7731481481481481 0.06041666666666667 0.03148148148148148
4 0.021875 0.7027777777777777 0.04375 0.027777777777777776
4 0.0609375 0.5768518518518518 0.071875 0.05
4 0.021354166666666667 0.8083333333333333 0.042708333333333334 0.03148148148148148
4 0.026041666666666668 0.8657407407407407 0.052083333333333336 0.03518518518518519
4 0.051041666666666666 0.5194444444444445 0.06458333333333334 0.04259259259259259
4 0.011458333333333333 0.7555555555555555 0.022916666666666665 0.022222222222222223
4 0.03697916666666667 0.3675925925925926 0.021875 0.11666666666666667