4 0.30520833333333336 0.2518518518518518 0.058333333333333334 0.05925925925925926
4 0.30416666666666664 0.3277777777777778 0.05416666666666667 0.07777777777777778
4 0.29739583333333336 0.39814814814814814 0.046875 0.040740740740740744
4 0.3333333333333333 0.5055555555555555 0.06458333333333334 0.044444444444444446
4 0.34010416666666665 0.5592592592592592 0.06770833333333333 0.05185185185185185
4 0.35885416666666664 0.2916666666666667 0.06979166666666667 0.046296296296296294
4 0.2791666666666667 0.4444444444444444 0.06458333333333334 0.08148148148148149
4 0.3765625 0.5685185185185185 0.051041666666666666 0.04814814814814815
4 0.4171875 0.5925925925925926 0.051041666666666666 0.037037037037037035
5 0.6041666666666666 0.9527777777777777 0.08333333333333333 0.09074074074074075
4 0.49166666666666664 0.2814814814814815 0.07291666666666667 0.037037037037037035
4 0.421875 0.16666666666666666 0.06041666666666667 0.02962962962962963
4 0.4088541666666667 0.47314814814814815 0.071875 0.046296296296296294
4 0.5197916666666667 0.3194444444444444 0.058333333333333334 0.03518518518518519
4 0.48854166666666665 0.5064814814814815 0.052083333333333336 0.053703703703703705
4 0.3515625 0.612037037037037 0.07604166666666666 0.03888888888888889
4 0.4625 0.4166666666666667 0.0625 0.07037037037037037
4 0.39375 0.4425925925925926 0.07083333333333333 0.02962962962962963
4 0.3859375 0.49444444444444446 0.05520833333333333 0.025925925925925925