4 0.19583333333333333 0.6638888888888889 0.0625 0.027777777777777776
4 0.1234375 0.7055555555555556 0.04895833333333333 0.040740740740740744
4 0.159375 0.8712962962962963 0.04791666666666667 0.05
4 0.3567708333333333 0.9064814814814814 0.05520833333333333 0.04259259259259259
5 0.609375 0.9527777777777777 0.08333333333333333 0.09074074074074075
4 0.2786458333333333 0.7101851851851851 0.071875 0.03518518518518519
4 0.17552083333333332 0.6509259259259259 0.06770833333333333 0.03888888888888889
4 0.19895833333333332 0.8916666666666667 0.06458333333333334 0.03888888888888889
4 0.25833333333333336 0.7018518518518518 0.05625 0.03333333333333333
4 0.1421875 0.95 0.06145833333333333 0.037037037037037035
4 0.31614583333333335 0.7787037037037037 0.040625 0.05740740740740741
4 0.234375 0.8083333333333333 0.052083333333333336 0.04259259259259259
4 0.165625 0.7731481481481481 0.06875 0.03148148148148148
4 0.1953125 0.9296296296296296 0.042708333333333334 0.025925925925925925