5 0.471875 0.8925925925925926 0.04583333333333333 0.08518518518518518
4 0.7515625 0.7166666666666667 0.065625 0.08888888888888889
4 0.6369791666666667 0.7703703703703704 0.059375 0.1
0 0.5520833333333334 0.9407407407407408 0.035416666666666666 0.06296296296296296
4 0.6244791666666667 0.8453703703703703 0.059375 0.1685185185185185
4 0.7296875 0.8481481481481481 0.065625 0.14814814814814814
4 0.8333333333333334 0.8611111111111112 0.025 0.07037037037037037
4 0.58203125 0.961574074074074 0.0515625 0.075
4 0.6442708333333333 0.8453703703703703 0.019791666666666666 0.09444444444444444
4 0.6770833333333334 0.8166666666666667 0.0625 0.1
4 0.7885416666666667 0.8037037037037037 0.05625 0.06666666666666667
4 0.8244791666666667 0.7111111111111111 0.05520833333333333 0.040740740740740744
4 0.6453125 0.9324074074074075 0.06354166666666666 0.07592592592592592