4 0.20260416666666667 0.6342592592592593 0.057291666666666664 0.04259259259259259
4 0.15052083333333333 0.7148148148148148 0.065625 0.03333333333333333
4 0.16614583333333333 0.8305555555555556 0.057291666666666664 0.03518518518518519
4 0.33177083333333335 0.8398148148148148 0.05520833333333333 0.05
4 0.23177083333333334 0.9407407407407408 0.04479166666666667 0.03333333333333333
5 0.6083333333333333 0.9527777777777777 0.08333333333333333 0.09074074074074075
4 0.29635416666666664 0.5898148148148148 0.071875 0.07222222222222222
4 0.2125 0.5648148148148148 0.06666666666666667 0.044444444444444446
4 0.22291666666666668 0.8388888888888889 0.06458333333333334 0.044444444444444446
4 0.28020833333333334 0.6231481481481481 0.05625 0.046296296296296294
4 0.2630208333333333 0.9518518518518518 0.046875 0.040740740740740744
4 0.1921875 0.8898148148148148 0.06145833333333333 0.046296296296296294
4 0.32135416666666666 0.6805555555555556 0.051041666666666666 0.06481481481481481
4 0.2552083333333333 0.7435185185185185 0.04791666666666667 0.04259259259259259
4 0.16666666666666666 0.7472222222222222 0.06875 0.03148148148148148