4 0.057291666666666664 0.387037037037037 0.07083333333333333 0.040740740740740744
4 0.0328125 0.8268518518518518 0.06145833333333333 0.05
5 0.609375 0.9527777777777777 0.08333333333333333 0.09074074074074075
4 0.0859375 0.7157407407407408 0.07395833333333333 0.046296296296296294
4 0.03177083333333333 0.42777777777777776 0.06145833333333333 0.04814814814814815
4 0.06041666666666667 0.5046296296296297 0.0625 0.04259259259259259
4 0.030729166666666665 0.549074074074074 0.06145833333333333 0.046296296296296294
4 0.027083333333333334 0.5953703703703703 0.052083333333333336 0.04259259259259259
4 0.0234375 0.7037037037037037 0.03229166666666667 0.05185185185185185
4 0.030729166666666665 0.6268518518518519 0.06145833333333333 0.03148148148148148
4 0.07291666666666667 0.65 0.058333333333333334 0.040740740740740744