4 0.5447916666666667 0.2361111111111111 0.05 0.05740740740740741
4 0.5203125 0.3388888888888889 0.051041666666666666 0.044444444444444446
4 0.5223958333333333 0.38333333333333336 0.034375 0.037037037037037035
4 0.5473958333333333 0.43333333333333335 0.04479166666666667 0.025925925925925925
4 0.5640625 0.36666666666666664 0.046875 0.044444444444444446
4 0.5635416666666667 0.2962962962962963 0.03958333333333333 0.03333333333333333
4 0.5291666666666667 0.3453703703703704 0.04375 0.024074074074074074
4 0.5442708333333334 0.48703703703703705 0.04895833333333333 0.03333333333333333
4 0.5822916666666667 0.3962962962962963 0.0375 0.02962962962962963
4 0.5666666666666667 0.40925925925925927 0.035416666666666666 0.022222222222222223
5 0.6036458333333333 0.9527777777777777 0.08229166666666667 0.09074074074074075
4 0.6317708333333333 0.22407407407407406 0.034375 0.03333333333333333
4 0.6229166666666667 0.3277777777777778 0.0375 0.037037037037037035
4 0.6755208333333333 0.28055555555555556 0.04479166666666667 0.03888888888888889
4 0.6890625 0.37222222222222223 0.028125 0.025925925925925925