4 0.16770833333333332 0.6972222222222222 0.07083333333333333 0.03148148148148148
4 0.10416666666666667 0.7138888888888889 0.04583333333333333 0.053703703703703705
4 0.15572916666666667 0.9111111111111111 0.06770833333333333 0.040740740740740744
4 0.30572916666666666 0.9583333333333334 0.06145833333333333 0.03148148148148148
5 0.609375 0.9527777777777777 0.08333333333333333 0.09074074074074075
4 0.2760416666666667 0.7657407407407407 0.075 0.03518518518518519
4 0.18489583333333334 0.6351851851851852 0.059375 0.03333333333333333
4 0.23541666666666666 0.737037037037037 0.05625 0.03333333333333333
4 0.12395833333333334 0.9638888888888889 0.06875 0.03888888888888889
4 0.21875 0.825925925925926 0.052083333333333336 0.03333333333333333
4 0.1546875 0.7851851851851852 0.08229166666666667 0.037037037037037035
4 0.175 0.9351851851851852 0.04791666666666667 0.025925925925925925