5 0.45260416666666664 0.9333333333333333 0.07395833333333333 0.10740740740740741
0 0.6421875 0.8055555555555556 0.04479166666666667 0.05555555555555555
4 0.0125 0.7287037037037037 0.025 0.016666666666666666
4 0.019791666666666666 0.8027777777777778 0.03958333333333333 0.024074074074074074
4 0.020833333333333332 0.725925925925926 0.041666666666666664 0.044444444444444446
4 0.027083333333333334 0.5925925925925926 0.05416666666666667 0.02962962962962963
4 0.03177083333333333 0.8685185185185185 0.06145833333333333 0.025925925925925925
4 0.058333333333333334 0.9722222222222222 0.08125 0.044444444444444446
4 0.028125 0.5768518518518518 0.05625 0.020370370370370372
4 0.059895833333333336 0.7759259259259259 0.07604166666666666 0.04814814814814815
4 0.017708333333333333 0.42592592592592593 0.035416666666666666 0.07777777777777778