4 0.28229166666666666 0.2833333333333333 0.06041666666666667 0.04814814814814815
4 0.2708333333333333 0.39166666666666666 0.06041666666666667 0.07962962962962963
4 0.28072916666666664 0.3925925925925926 0.04479166666666667 0.040740740740740744
4 0.2994791666666667 0.5166666666666667 0.053125 0.044444444444444446
4 0.3151041666666667 0.5592592592592592 0.059375 0.08148148148148149
4 0.32708333333333334 0.30462962962962964 0.07291666666666667 0.07592592592592592
4 0.2515625 0.512962962962963 0.05520833333333333 0.08888888888888889
4 0.384375 0.5657407407407408 0.052083333333333336 0.053703703703703705
4 0.38177083333333334 0.6157407407407407 0.065625 0.053703703703703705
5 0.6041666666666666 0.9527777777777777 0.08333333333333333 0.09074074074074075
4 0.46927083333333336 0.2740740740740741 0.078125 0.040740740740740744
4 0.39739583333333334 0.13796296296296295 0.05520833333333333 0.03518518518518519
4 0.3734375 0.48518518518518516 0.071875 0.04814814814814815
4 0.46979166666666666 0.3314814814814815 0.08125 0.02962962962962963
4 0.46458333333333335 0.5435185185185185 0.0625 0.05740740740740741
4 0.31614583333333335 0.6157407407407407 0.05520833333333333 0.04259259259259259
4 0.4609375 0.41759259259259257 0.06979166666666667 0.07592592592592592
4 0.3338541666666667 0.5833333333333334 0.030208333333333334 0.025925925925925925
4 0.3614583333333333 0.41944444444444445 0.058333333333333334 0.046296296296296294
4 0.35833333333333334 0.4935185185185185 0.04791666666666667 0.03148148148148148