4 0.3484375 0.6666666666666666 0.11354166666666667 0.09259259259259259
4 0.23385416666666667 0.6259259259259259 0.08229166666666667 0.1037037037037037
4 0.3770833333333333 0.4888888888888889 0.14375 0.13333333333333333
4 0.5151041666666667 0.7203703703703703 0.13020833333333334 0.1111111111111111
4 0.225 0.7305555555555555 0.12916666666666668 0.10555555555555556
4 0.43020833333333336 0.762962962962963 0.075 0.08148148148148149
4 0.27395833333333336 0.7805555555555556 0.1 0.09074074074074075
4 0.15520833333333334 0.8527777777777777 0.11875 0.08703703703703704
4 0.390625 0.8379629629629629 0.11041666666666666 0.18333333333333332
4 0.321875 0.8333333333333334 0.10208333333333333 0.11481481481481481
4 0.20625 0.8796296296296297 0.15416666666666667 0.12962962962962962
4 0.24036458333333333 0.9560185185185185 0.10989583333333333 0.08611111111111111
4 0.4317708333333333 0.6592592592592592 0.12604166666666666 0.14814814814814814
4 0.4200520833333333 0.9680555555555556 0.050520833333333334 0.062037037037037036
4 0.20729166666666668 0.6861111111111111 0.11458333333333333 0.1425925925925926
4 0.4421875 0.6277777777777778 0.103125 0.08518518518518518
5 0.6083333333333333 0.9416666666666667 0.06041666666666667 0.11296296296296296