4 0.2234375 0.4898148148148148 0.051041666666666666 0.05740740740740741
4 0.18385416666666668 0.5851851851851851 0.06145833333333333 0.08148148148148149
4 0.21770833333333334 0.5546296296296296 0.04583333333333333 0.053703703703703705
4 0.2708333333333333 0.6620370370370371 0.07916666666666666 0.05
4 0.23385416666666667 0.4888888888888889 0.065625 0.07037037037037037
4 0.21302083333333333 0.6796296296296296 0.057291666666666664 0.044444444444444446
4 0.37552083333333336 0.6990740740740741 0.06770833333333333 0.053703703703703705
4 0.27708333333333335 0.8037037037037037 0.05 0.040740740740740744
5 0.6041666666666666 0.9527777777777777 0.08333333333333333 0.09074074074074075
4 0.428125 0.3685185185185185 0.07083333333333333 0.040740740740740744
4 0.27708333333333335 0.37222222222222223 0.06666666666666667 0.037037037037037035
4 0.31666666666666665 0.6037037037037037 0.07916666666666666 0.05185185185185185
4 0.32864583333333336 0.4074074074074074 0.07395833333333333 0.05555555555555555
4 0.3359375 0.7435185185185185 0.06145833333333333 0.04259259259259259
4 0.234375 0.7129629629629629 0.06458333333333334 0.04814814814814815
4 0.4078125 0.5064814814814815 0.07395833333333333 0.06481481481481481
4 0.2791666666666667 0.7287037037037037 0.04791666666666667 0.046296296296296294
4 0.26979166666666665 0.5944444444444444 0.05 0.02962962962962963
4 0.2557291666666667 0.6314814814814815 0.040625 0.02962962962962963