4 0.41822916666666665 0.2796296296296296 0.07604166666666666 0.040740740740740744
4 0.39427083333333335 0.3074074074074074 0.06145833333333333 0.025925925925925925
4 0.3880208333333333 0.4388888888888889 0.05520833333333333 0.03333333333333333
4 0.42291666666666666 0.45092592592592595 0.06458333333333334 0.05740740740740741
4 0.4197916666666667 0.462037037037037 0.06458333333333334 0.06481481481481481
4 0.453125 0.2962962962962963 0.07291666666666667 0.03333333333333333
4 0.3854166666666667 0.3888888888888889 0.06875 0.05185185185185185
4 0.4010416666666667 0.5111111111111111 0.04583333333333333 0.037037037037037035
4 0.49895833333333334 0.5175925925925926 0.052083333333333336 0.027777777777777776
5 0.6041666666666666 0.9527777777777777 0.08333333333333333 0.09074074074074075
4 0.5885416666666666 0.28055555555555556 0.06666666666666667 0.027777777777777776
4 0.5380208333333333 0.20092592592592592 0.06354166666666666 0.024074074074074074
4 0.4901041666666667 0.4046296296296296 0.057291666666666664 0.03888888888888889
4 0.6072916666666667 0.3314814814814815 0.0625 0.037037037037037035
4 0.5583333333333333 0.4324074074074074 0.041666666666666664 0.03518518518518519
4 0.42552083333333335 0.5462962962962963 0.06354166666666666 0.07037037037037037
4 0.5588541666666667 0.3592592592592593 0.06979166666666667 0.044444444444444446
4 0.4921875 0.47129629629629627 0.04895833333333333 0.03518518518518519
4 0.4661458333333333 0.45 0.059375 0.03333333333333333