4 0.32916666666666666 0.2564814814814815 0.05 0.04259259259259259
4 0.33541666666666664 0.29444444444444445 0.058333333333333334 0.06666666666666667
4 0.34427083333333336 0.5018518518518519 0.065625 0.044444444444444446
4 0.3625 0.549074074074074 0.06875 0.05740740740740741
4 0.3854166666666667 0.30462962962962964 0.07291666666666667 0.04259259259259259
4 0.30520833333333336 0.41203703703703703 0.06458333333333334 0.06851851851851852
4 0.3802083333333333 0.5712962962962963 0.04791666666666667 0.03888888888888889
4 0.4453125 0.549074074074074 0.053125 0.06481481481481481
5 0.6041666666666666 0.9527777777777777 0.08333333333333333 0.09074074074074075
4 0.5260416666666666 0.2601851851851852 0.07291666666666667 0.04259259259259259
4 0.45989583333333334 0.19537037037037036 0.057291666666666664 0.024074074074074074
4 0.43697916666666664 0.45555555555555555 0.071875 0.04814814814814815
4 0.5458333333333333 0.3074074074074074 0.07291666666666667 0.02962962962962963
4 0.5036458333333333 0.475 0.053125 0.05
4 0.37552083333333336 0.6027777777777777 0.071875 0.04259259259259259
4 0.48125 0.3768518518518518 0.07083333333333333 0.08703703703703704
4 0.4078125 0.44907407407407407 0.05520833333333333 0.024074074074074074
4 0.42552083333333335 0.537962962962963 0.051041666666666666 0.046296296296296294
4 0.4114583333333333 0.49537037037037035 0.06041666666666667 0.03148148148148148