4 0.35260416666666666 0.6694444444444444 0.096875 0.1425925925925926
4 0.5177083333333333 0.8037037037037037 0.1 0.1111111111111111
4 0.26666666666666666 0.862037037037037 0.10416666666666667 0.18333333333333332
4 0.41041666666666665 0.6833333333333333 0.08333333333333333 0.11481481481481481
4 0.28880208333333335 0.9791666666666666 0.06302083333333333 0.03981481481481482
4 0.2609375 0.7175925925925926 0.10520833333333333 0.13518518518518519
4 0.35911458333333335 0.9458333333333333 0.09114583333333333 0.10648148148148148
4 0.44479166666666664 0.775 0.09375 0.14629629629629629
4 0.4674479166666667 0.986574074074074 0.049479166666666664 0.025
4 0.3255208333333333 0.8212962962962963 0.07395833333333333 0.12407407407407407
4 0.5026041666666666 0.9324074074074075 0.07604166666666666 0.09074074074074075
4 0.5546875 0.850925925925926 0.08229166666666667 0.09444444444444444
4 0.2859375 0.7444444444444445 0.08229166666666667 0.18518518518518517
5 0.6083333333333333 0.9416666666666667 0.06041666666666667 0.11296296296296296