5 0.45260416666666664 0.9333333333333333 0.07395833333333333 0.10740740740740741
0 0.6411458333333333 0.8018518518518518 0.04479166666666667 0.05185185185185185
4 0.013541666666666667 0.7222222222222222 0.027083333333333334 0.018518518518518517
4 0.016145833333333335 0.8138888888888889 0.03229166666666667 0.020370370370370372
4 0.0328125 0.7166666666666667 0.05520833333333333 0.05185185185185185
4 0.0296875 0.6277777777777778 0.059375 0.037037037037037035
4 0.03802083333333333 0.8805555555555555 0.06770833333333333 0.03518518518518519
4 0.065625 0.9611111111111111 0.08333333333333333 0.044444444444444446
4 0.04375 0.6129629629629629 0.0625 0.025925925925925925
4 0.084375 0.8037037037037037 0.07708333333333334 0.05185185185185185
4 0.011979166666666667 0.46574074074074073 0.023958333333333335 0.06481481481481481