5 0.45260416666666664 0.9333333333333333 0.07395833333333333 0.10740740740740741
0 0.6463541666666667 0.8037037037037037 0.04479166666666667 0.05555555555555555
4 0.0125 0.7305555555555555 0.025 0.024074074074074074
4 0.03958333333333333 0.7712962962962963 0.06458333333333334 0.027777777777777776
4 0.017708333333333333 0.7064814814814815 0.035416666666666666 0.027777777777777776
4 0.0546875 0.562962962962963 0.07395833333333333 0.040740740740740744
4 0.0234375 0.812037037037037 0.046875 0.03148148148148148
4 0.028645833333333332 0.8740740740740741 0.057291666666666664 0.044444444444444446
4 0.042708333333333334 0.5092592592592593 0.06666666666666667 0.044444444444444446
4 0.021354166666666667 0.75 0.042708333333333334 0.025925925925925925
4 0.049479166666666664 0.36574074074074076 0.030208333333333334 0.10925925925925926