4 0.3453125 0.6555555555555556 0.109375 0.10740740740740741
4 0.2609375 0.6018518518518519 0.090625 0.07407407407407407
4 0.3697916666666667 0.4777777777777778 0.13958333333333334 0.13703703703703704
4 0.50625 0.7101851851851851 0.12083333333333333 0.13148148148148148
4 0.21875 0.7212962962962963 0.125 0.10185185185185185
4 0.27291666666666664 0.7685185185185185 0.10833333333333334 0.12222222222222222
4 0.15677083333333333 0.8240740740740741 0.11770833333333333 0.0962962962962963
4 0.38645833333333335 0.8296296296296296 0.11458333333333333 0.18888888888888888
4 0.3234375 0.8287037037037037 0.09895833333333333 0.10185185185185185
4 0.21145833333333333 0.8657407407407407 0.14583333333333334 0.13148148148148148
4 0.24010416666666667 0.95 0.11145833333333334 0.0962962962962963
4 0.434375 0.6416666666666667 0.12291666666666666 0.16111111111111112
4 0.42526041666666664 0.9782407407407407 0.0484375 0.041666666666666664
4 0.21041666666666667 0.6777777777777778 0.11875 0.13333333333333333
4 0.4401041666666667 0.6101851851851852 0.10520833333333333 0.11296296296296296
5 0.6083333333333333 0.9416666666666667 0.06041666666666667 0.11296296296296296