5 0.45260416666666664 0.9333333333333333 0.07395833333333333 0.10740740740740741
0 0.6442708333333333 0.8037037037037037 0.04479166666666667 0.05555555555555555
4 0.0125 0.7287037037037037 0.025 0.024074074074074074
4 0.0296875 0.7694444444444445 0.059375 0.027777777777777776
4 0.015104166666666667 0.7074074074074074 0.030208333333333334 0.025925925925925925
4 0.0453125 0.5583333333333333 0.07604166666666666 0.03518518518518519
4 0.023958333333333335 0.8194444444444444 0.04791666666666667 0.03148148148148148
4 0.029166666666666667 0.8777777777777778 0.058333333333333334 0.04814814814814815
4 0.0359375 0.5148148148148148 0.06770833333333333 0.040740740740740744
4 0.030208333333333334 0.75 0.06041666666666667 0.025925925925925925
4 0.058333333333333334 0.3425925925925926 0.052083333333333336 0.05185185185185185