4 0.3223958333333333 0.6277777777777778 0.09895833333333333 0.11851851851851852
4 0.31145833333333334 0.43796296296296294 0.10416666666666667 0.1648148148148148
4 0.49947916666666664 0.6666666666666666 0.109375 0.13333333333333333
4 0.19375 0.674074074074074 0.11666666666666667 0.11481481481481481
4 0.4296875 0.7398148148148148 0.053125 0.06851851851851852
4 0.26197916666666665 0.6805555555555556 0.08854166666666667 0.17962962962962964
4 0.165625 0.7351851851851852 0.10416666666666667 0.14074074074074075
4 0.31614583333333335 0.8222222222222222 0.13020833333333334 0.17407407407407408
4 0.33541666666666664 0.725925925925926 0.09166666666666666 0.1037037037037037
4 0.21302083333333333 0.8351851851851851 0.115625 0.17777777777777778
4 0.24583333333333332 0.5537037037037037 0.10208333333333333 0.1259259259259259
4 0.2375 0.9462962962962963 0.08125 0.08518518518518518
4 0.25052083333333336 0.8305555555555556 0.08645833333333333 0.12407407407407407
4 0.4114583333333333 0.5944444444444444 0.12083333333333333 0.1259259259259259
4 0.4 0.9481481481481482 0.075 0.0962962962962963
4 0.2109375 0.5148148148148148 0.115625 0.17407407407407408
4 0.4630208333333333 0.5666666666666667 0.090625 0.13333333333333333
5 0.6083333333333333 0.9416666666666667 0.06041666666666667 0.11296296296296296