4 0.13020833333333334 0.5787037037037037 0.06875 0.027777777777777776
4 0.21770833333333334 0.975925925925926 0.058333333333333334 0.03333333333333333
5 0.609375 0.9527777777777777 0.08333333333333333 0.09074074074074075
4 0.20677083333333332 0.8203703703703704 0.084375 0.044444444444444446
4 0.103125 0.6064814814814815 0.06041666666666667 0.04259259259259259
4 0.16927083333333334 0.6768518518518518 0.078125 0.03888888888888889
4 0.0296875 0.8824074074074074 0.059375 0.05
4 0.09270833333333334 0.7574074074074074 0.07083333333333333 0.040740740740740744
4 0.023958333333333335 0.7944444444444444 0.04375 0.06296296296296296
4 0.19635416666666666 0.8629629629629629 0.06145833333333333 0.037037037037037035
4 0.115625 0.7907407407407407 0.058333333333333334 0.040740740740740744
4 0.0890625 0.9074074074074074 0.036458333333333336 0.07037037037037037
4 0.12239583333333333 0.8435185185185186 0.06770833333333333 0.046296296296296294