4 0.39010416666666664 0.7111111111111111 0.08020833333333334 0.1
4 0.5260416666666666 0.8333333333333334 0.09791666666666667 0.08888888888888889
4 0.259375 0.9564814814814815 0.0375 0.06481481481481481
4 0.31354166666666666 0.9166666666666666 0.11458333333333333 0.14444444444444443
4 0.465625 0.7287037037037037 0.09583333333333334 0.10925925925925926
4 0.29739583333333336 0.7574074074074074 0.09270833333333334 0.10740740740740741
4 0.40286458333333336 0.9532407407407407 0.0765625 0.09166666666666666
4 0.45729166666666665 0.8583333333333333 0.09583333333333334 0.13148148148148148
4 0.37604166666666666 0.9148148148148149 0.07916666666666666 0.08518518518518518
4 0.3703125 0.8305555555555556 0.065625 0.10185185185185185
4 0.5463541666666667 0.9222222222222223 0.09479166666666666 0.09259259259259259
4 0.5567708333333333 0.8648148148148148 0.084375 0.08518518518518518
4 0.3177083333333333 0.8 0.08958333333333333 0.11851851851851852
5 0.6083333333333333 0.9416666666666667 0.06041666666666667 0.11296296296296296