5 0.45260416666666664 0.9333333333333333 0.07395833333333333 0.10740740740740741
0 0.6411458333333333 0.8018518518518518 0.04479166666666667 0.05555555555555555
4 0.013541666666666667 0.7222222222222222 0.027083333333333334 0.018518518518518517
4 0.017708333333333333 0.812037037037037 0.035416666666666666 0.020370370370370372
4 0.03333333333333333 0.7166666666666667 0.05625 0.05185185185185185
4 0.0296875 0.6277777777777778 0.059375 0.037037037037037035
4 0.03697916666666667 0.8796296296296297 0.06770833333333333 0.03333333333333333
4 0.0671875 0.9648148148148148 0.08229166666666667 0.044444444444444446
4 0.040625 0.6092592592592593 0.06458333333333334 0.02962962962962963
4 0.08125 0.8018518518518518 0.07708333333333334 0.05185185185185185
4 0.011458333333333333 0.4583333333333333 0.022916666666666665 0.06481481481481481