4 0.058854166666666666 0.37962962962962965 0.07395833333333333 0.040740740740740744
4 0.0296875 0.8101851851851852 0.05520833333333333 0.05
5 0.609375 0.9527777777777777 0.08333333333333333 0.09074074074074075
4 0.06822916666666666 0.7027777777777777 0.06979166666666667 0.046296296296296294
4 0.03177083333333333 0.4166666666666667 0.06145833333333333 0.044444444444444446
4 0.05520833333333333 0.5027777777777778 0.0625 0.04259259259259259
4 0.030208333333333334 0.5287037037037037 0.06041666666666667 0.046296296296296294
4 0.027083333333333334 0.5731481481481482 0.052083333333333336 0.04259259259259259
4 0.0171875 0.6888888888888889 0.03229166666666667 0.05185185185185185
4 0.027083333333333334 0.612037037037037 0.05416666666666667 0.03888888888888889
4 0.06979166666666667 0.6388888888888888 0.06041666666666667 0.044444444444444446