4 0.3723958333333333 0.7166666666666667 0.08020833333333334 0.0962962962962963
4 0.5166666666666667 0.8361111111111111 0.08958333333333333 0.09074074074074075
4 0.2598958333333333 0.9231481481481482 0.057291666666666664 0.09814814814814815
4 0.3046875 0.9120370370370371 0.11770833333333333 0.14629629629629629
4 0.4588541666666667 0.725925925925926 0.08854166666666667 0.10740740740740741
4 0.30234375 0.9689814814814814 0.06927083333333334 0.06018518518518518
4 0.28958333333333336 0.7490740740740741 0.08541666666666667 0.09074074074074075
4 0.39453125 0.9421296296296297 0.08697916666666666 0.11388888888888889
4 0.4515625 0.8555555555555555 0.10104166666666667 0.12962962962962962
4 0.37395833333333334 0.9175925925925926 0.07083333333333333 0.08333333333333333
4 0.4700520833333333 0.9800925925925926 0.0484375 0.03796296296296296
4 0.35520833333333335 0.8416666666666667 0.05625 0.09814814814814815
4 0.5359375 0.9277777777777778 0.10104166666666667 0.1037037037037037
4 0.5557291666666667 0.8685185185185185 0.08645833333333333 0.08518518518518518
4 0.31197916666666664 0.8018518518518518 0.090625 0.11851851851851852
5 0.6083333333333333 0.9416666666666667 0.06041666666666667 0.11296296296296296