4 0.1203125 0.45925925925925926 0.07604166666666666 0.03333333333333333
4 0.13645833333333332 0.9277777777777778 0.05625 0.03333333333333333
5 0.609375 0.9527777777777777 0.08333333333333333 0.09074074074074075
4 0.16979166666666667 0.7722222222222223 0.06666666666666667 0.05555555555555555
4 0.05625 0.5342592592592592 0.0625 0.04259259259259259
4 0.08854166666666667 0.5861111111111111 0.07083333333333333 0.046296296296296294
4 0.042708333333333334 0.6574074074074074 0.06875 0.040740740740740744
4 0.07916666666666666 0.7175925925925926 0.05416666666666667 0.03888888888888889
4 0.024479166666666666 0.8574074074074074 0.042708333333333334 0.04814814814814815
4 0.06302083333333333 0.7453703703703703 0.06770833333333333 0.03148148148148148
4 0.0796875 0.7759259259259259 0.04895833333333333 0.037037037037037035