4 0.14895833333333333 0.7481481481481481 0.03125 0.022222222222222223
4 0.09322916666666667 0.662962962962963 0.04895833333333333 0.025925925925925925
4 0.07916666666666666 0.6175925925925926 0.029166666666666667 0.020370370370370372
4 0.0375 0.7907407407407407 0.03125 0.018518518518518517
5 0.46510416666666665 0.9185185185185185 0.06145833333333333 0.1259259259259259
4 0.09479166666666666 0.825925925925926 0.04583333333333333 0.02962962962962963
0 0.6010416666666667 0.9092592592592592 0.041666666666666664 0.05555555555555555
4 0.030208333333333334 0.9342592592592592 0.0375 0.027777777777777776
4 0.06302083333333333 0.8203703703703704 0.023958333333333335 0.025925925925925925
4 0.016145833333333335 0.7268518518518519 0.019791666666666666 0.024074074074074074
4 0.07708333333333334 0.48518518518518516 0.0125 0.018518518518518517