4 0.15 0.7592592592592593 0.03333333333333333 0.022222222222222223
4 0.10520833333333333 0.6824074074074075 0.04791666666666667 0.027777777777777776
4 0.0921875 0.6268518518518519 0.028125 0.020370370370370372
4 0.08802083333333334 0.4962962962962963 0.034375 0.025925925925925925
5 0.46510416666666665 0.9185185185185185 0.06145833333333333 0.1259259259259259
4 0.09583333333333334 0.8314814814814815 0.04583333333333333 0.025925925925925925
4 0.051041666666666666 0.8092592592592592 0.027083333333333334 0.018518518518518517
0 0.6010416666666667 0.9092592592592592 0.041666666666666664 0.05555555555555555
4 0.03125 0.9490740740740741 0.0375 0.027777777777777776
4 0.07083333333333333 0.8185185185185185 0.025 0.022222222222222223
4 0.011979166666666667 0.8712962962962963 0.023958333333333335 0.03888888888888889
4 0.027083333333333334 0.7333333333333333 0.020833333333333332 0.025925925925925925
4 0.008854166666666666 0.5537037037037037 0.017708333333333333 0.018518518518518517
4 0.011979166666666667 0.6185185185185185 0.023958333333333335 0.022222222222222223