4 0.2265625 0.4675925925925926 0.051041666666666666 0.05
4 0.18854166666666666 0.5518518518518518 0.0625 0.08518518518518518
4 0.22916666666666666 0.5222222222222223 0.052083333333333336 0.04814814814814815
4 0.3302083333333333 0.6527777777777778 0.05416666666666667 0.03148148148148148
4 0.2828125 0.6351851851851852 0.03229166666666667 0.1
4 0.23802083333333332 0.4685185185185185 0.06770833333333333 0.07407407407407407
4 0.22395833333333334 0.6648148148148149 0.052083333333333336 0.05185185185185185
4 0.3927083333333333 0.6518518518518519 0.06666666666666667 0.06666666666666667
4 0.2838541666666667 0.7925925925925926 0.05520833333333333 0.04814814814814815
5 0.6041666666666666 0.9527777777777777 0.08333333333333333 0.09074074074074075
4 0.4239583333333333 0.3287037037037037 0.06666666666666667 0.04259259259259259
4 0.3109375 0.32592592592592595 0.06979166666666667 0.05185185185185185
4 0.33125 0.5861111111111111 0.07708333333333334 0.04259259259259259
4 0.3609375 0.3527777777777778 0.08229166666666667 0.06481481481481481
4 0.3609375 0.6944444444444444 0.057291666666666664 0.07037037037037037
4 0.24114583333333334 0.7018518518518518 0.06145833333333333 0.05185185185185185
4 0.4197916666666667 0.46574074074074073 0.07083333333333333 0.06851851851851852
4 0.29270833333333335 0.7148148148148148 0.05416666666666667 0.040740740740740744
4 0.275 0.5972222222222222 0.05 0.027777777777777776
4 0.26927083333333335 0.6370370370370371 0.042708333333333334 0.03333333333333333