4 0.3333333333333333 0.6333333333333333 0.10625 0.07777777777777778
4 0.32864583333333336 0.45925925925925926 0.121875 0.12222222222222222
4 0.5026041666666666 0.674074074074074 0.10729166666666666 0.14444444444444443
4 0.20104166666666667 0.674074074074074 0.10833333333333334 0.1111111111111111
4 0.42916666666666664 0.7462962962962963 0.05416666666666667 0.06296296296296296
4 0.2635416666666667 0.6925925925925925 0.10208333333333333 0.16296296296296298
4 0.1609375 0.7351851851851852 0.103125 0.13703703703703704
4 0.3328125 0.8342592592592593 0.13020833333333334 0.18333333333333332
4 0.33489583333333334 0.7648148148148148 0.10520833333333333 0.0962962962962963
4 0.2109375 0.8425925925925926 0.11979166666666667 0.17777777777777778
4 0.24375 0.5574074074074075 0.10208333333333333 0.1259259259259259
4 0.24322916666666666 0.937037037037037 0.078125 0.10740740740740741
4 0.2578125 0.812962962962963 0.09479166666666666 0.13333333333333333
4 0.4473958333333333 0.5879629629629629 0.14479166666666668 0.14629629629629629
4 0.4041666666666667 0.9527777777777777 0.06875 0.06111111111111111
4 0.22083333333333333 0.5703703703703704 0.125 0.12962962962962962
4 0.4671875 0.5351851851851852 0.07395833333333333 0.10740740740740741
5 0.6083333333333333 0.9416666666666667 0.06041666666666667 0.11296296296296296