4 0.1984375 0.662962962962963 0.06145833333333333 0.03333333333333333
4 0.12239583333333333 0.7111111111111111 0.046875 0.037037037037037035
4 0.16927083333333334 0.8583333333333333 0.057291666666666664 0.04259259259259259
4 0.35572916666666665 0.8916666666666667 0.05520833333333333 0.04259259259259259
5 0.609375 0.9527777777777777 0.08333333333333333 0.09074074074074075
4 0.28489583333333335 0.6620370370370371 0.071875 0.07222222222222222
4 0.18385416666666668 0.6222222222222222 0.06354166666666666 0.044444444444444446
4 0.21041666666666667 0.8759259259259259 0.06458333333333334 0.044444444444444446
4 0.26979166666666665 0.6787037037037037 0.05625 0.046296296296296294
4 0.15677083333333333 0.9314814814814815 0.06145833333333333 0.037037037037037035
4 0.31614583333333335 0.7435185185185185 0.051041666666666666 0.06481481481481481
4 0.240625 0.7916666666666666 0.04791666666666667 0.04259259259259259
4 0.165625 0.7657407407407407 0.06875 0.03148148148148148
4 0.20364583333333333 0.9768518518518519 0.040625 0.03518518518518519