4 0.14947916666666666 0.7509259259259259 0.03229166666666667 0.024074074074074074
4 0.09635416666666667 0.6685185185185185 0.04895833333333333 0.025925925925925925
4 0.0828125 0.6212962962962963 0.028125 0.020370370370370372
4 0.08020833333333334 0.49166666666666664 0.016666666666666666 0.024074074074074074
5 0.46510416666666665 0.9185185185185185 0.06145833333333333 0.1259259259259259
4 0.09479166666666666 0.8287037037037037 0.04583333333333333 0.027777777777777776
4 0.04010416666666667 0.7981481481481482 0.030208333333333334 0.018518518518518517
0 0.6010416666666667 0.9092592592592592 0.041666666666666664 0.05555555555555555
4 0.030208333333333334 0.9398148148148148 0.0375 0.027777777777777776
4 0.06510416666666667 0.8194444444444444 0.023958333333333335 0.024074074074074074
4 0.018229166666666668 0.7287037037037037 0.019791666666666666 0.024074074074074074