4 0.2760416666666667 0.29444444444444445 0.06041666666666667 0.040740740740740744
4 0.26666666666666666 0.40370370370370373 0.06041666666666667 0.08148148148148149
4 0.275 0.387037037037037 0.0375 0.040740740740740744
4 0.2984375 0.5212962962962963 0.053125 0.05
4 0.3125 0.5657407407407408 0.06041666666666667 0.07592592592592592
4 0.3229166666666667 0.30833333333333335 0.07291666666666667 0.07962962962962963
4 0.24791666666666667 0.5305555555555556 0.05 0.07962962962962963
4 0.38645833333333335 0.562037037037037 0.052083333333333336 0.053703703703703705
4 0.37864583333333335 0.6203703703703703 0.06770833333333333 0.05925925925925926
5 0.6041666666666666 0.9527777777777777 0.08333333333333333 0.09074074074074075
4 0.4661458333333333 0.2722222222222222 0.08020833333333334 0.040740740740740744
4 0.3921875 0.13796296296296295 0.05520833333333333 0.03518518518518519
4 0.37395833333333334 0.48333333333333334 0.07291666666666667 0.05185185185185185
4 0.46145833333333336 0.3314814814814815 0.08125 0.02962962962962963
4 0.4583333333333333 0.5555555555555556 0.05416666666666667 0.04814814814814815
4 0.31145833333333334 0.6148148148148148 0.058333333333333334 0.05185185185185185
4 0.45989583333333334 0.4203703703703704 0.06979166666666667 0.07407407407407407
4 0.328125 0.5833333333333334 0.03125 0.025925925925925925
4 0.35520833333333335 0.4222222222222222 0.058333333333333334 0.04814814814814815
4 0.3578125 0.4962962962962963 0.04895833333333333 0.02962962962962963