4 0.2916666666666667 0.2712962962962963 0.06041666666666667 0.05740740740740741
4 0.2755208333333333 0.37962962962962965 0.059375 0.07777777777777778
4 0.28802083333333334 0.3925925925925926 0.046875 0.040740740740740744
4 0.30364583333333334 0.5111111111111111 0.05520833333333333 0.044444444444444446
4 0.3182291666666667 0.5564814814814815 0.059375 0.07592592592592592
4 0.33125 0.30092592592592593 0.07291666666666667 0.07592592592592592
4 0.25364583333333335 0.49722222222222223 0.053125 0.08333333333333333
4 0.3802083333333333 0.5712962962962963 0.052083333333333336 0.053703703703703705
4 0.3890625 0.6092592592592593 0.065625 0.044444444444444446
5 0.6041666666666666 0.9527777777777777 0.08333333333333333 0.09074074074074075
4 0.4765625 0.275 0.08020833333333334 0.04259259259259259
4 0.40625 0.1398148148148148 0.05416666666666667 0.03148148148148148
4 0.3734375 0.48518518518518516 0.071875 0.04814814814814815
4 0.4791666666666667 0.3314814814814815 0.08125 0.02962962962962963
4 0.46927083333333336 0.5398148148148149 0.059375 0.05
4 0.32916666666666666 0.6101851851851852 0.06875 0.04259259259259259
4 0.4609375 0.41759259259259257 0.06770833333333333 0.07592592592592592
4 0.34010416666666665 0.587037037037037 0.030208333333333334 0.025925925925925925
4 0.3614583333333333 0.42685185185185187 0.058333333333333334 0.03888888888888889
4 0.35989583333333336 0.49444444444444446 0.04895833333333333 0.02962962962962963