4 0.35104166666666664 0.7277777777777777 0.11666666666666667 0.11851851851851852
4 0.3026041666666667 0.6851851851851852 0.11979166666666667 0.08148148148148149
4 0.43333333333333335 0.6314814814814815 0.14583333333333334 0.08518518518518518
4 0.5744791666666667 0.8111111111111111 0.13854166666666667 0.11851851851851852
4 0.25677083333333334 0.8398148148148148 0.115625 0.08333333333333333
4 0.4630208333333333 0.8444444444444444 0.13854166666666667 0.05925925925925926
4 0.29583333333333334 0.8944444444444445 0.0875 0.1111111111111111
4 0.19895833333333332 0.9407407407407408 0.11666666666666667 0.1111111111111111
4 0.4856770833333333 0.9699074074074074 0.12760416666666666 0.058333333333333334
4 0.32083333333333336 0.9564814814814815 0.10625 0.06851851851851852
4 0.44479166666666664 0.8907407407407407 0.13541666666666666 0.07777777777777778
4 0.21354166666666666 0.7685185185185185 0.1125 0.11481481481481481
4 0.47291666666666665 0.7657407407407407 0.11875 0.10555555555555556
5 0.6083333333333333 0.9416666666666667 0.06041666666666667 0.11296296296296296