5 0.45260416666666664 0.9333333333333333 0.07395833333333333 0.10740740740740741
0 0.6421875 0.8055555555555556 0.04479166666666667 0.05555555555555555
4 0.0125 0.7287037037037037 0.025 0.016666666666666666
4 0.021354166666666667 0.7731481481481481 0.042708333333333334 0.016666666666666666
4 0.017708333333333333 0.7148148148148148 0.03333333333333333 0.025925925925925925
4 0.034895833333333334 0.5675925925925925 0.06979166666666667 0.03148148148148148
4 0.0234375 0.8388888888888889 0.046875 0.025925925925925925
4 0.03229166666666667 0.8768518518518519 0.06458333333333334 0.05740740740740741
4 0.03619791666666667 0.9745370370370371 0.0703125 0.049074074074074076
4 0.024479166666666666 0.5444444444444444 0.04895833333333333 0.037037037037037035
4 0.040625 0.7564814814814815 0.058333333333333334 0.03148148148148148
4 0.0359375 0.375 0.06354166666666666 0.07222222222222222