5 0.471875 0.8925925925925926 0.04583333333333333 0.08518518518518518
4 0.7505208333333333 0.7037037037037037 0.065625 0.1
4 0.653125 0.7592592592592593 0.058333333333333334 0.12222222222222222
0 0.553125 0.937962962962963 0.03125 0.05740740740740741
4 0.5953125 0.8805555555555555 0.07395833333333333 0.1648148148148148
4 0.7145833333333333 0.8824074074074074 0.08125 0.12037037037037036
4 0.8072916666666666 0.8916666666666667 0.027083333333333334 0.09814814814814815
4 0.8338541666666667 0.8638888888888889 0.026041666666666668 0.07592592592592592
4 0.5841145833333333 0.9643518518518519 0.0515625 0.06944444444444445
4 0.5963541666666666 0.8861111111111111 0.019791666666666666 0.11666666666666667
4 0.7114583333333333 0.8018518518518518 0.09166666666666666 0.06296296296296296
4 0.7885416666666667 0.8138888888888889 0.03958333333333333 0.08333333333333333
4 0.6830729166666667 0.9671296296296297 0.06614583333333333 0.06388888888888888
4 0.834375 0.7324074074074074 0.07083333333333333 0.06111111111111111