4 0.4114583333333333 0.7351851851851852 0.09166666666666666 0.11481481481481481
4 0.5338541666666666 0.8055555555555556 0.08229166666666667 0.07037037037037037
4 0.29661458333333335 0.9736111111111111 0.0765625 0.05092592592592592
4 0.33958333333333335 0.8962962962962963 0.12083333333333333 0.14444444444444443
4 0.4786458333333333 0.7074074074074074 0.096875 0.09259259259259259
4 0.33229166666666665 0.8240740740740741 0.12083333333333333 0.07777777777777778
4 0.4158854166666667 0.9606481481481481 0.07135416666666666 0.07685185185185185
4 0.47604166666666664 0.8972222222222223 0.06875 0.11666666666666667
4 0.40208333333333335 0.7925925925925926 0.08958333333333333 0.08888888888888889
4 0.5557291666666667 0.9083333333333333 0.08645833333333333 0.09814814814814815
4 0.40260416666666665 0.9092592592592592 0.08229166666666667 0.08148148148148149
4 0.5619791666666667 0.8657407407407407 0.08229166666666667 0.07592592592592592
4 0.3489583333333333 0.8277777777777777 0.10208333333333333 0.09259259259259259
5 0.6083333333333333 0.9416666666666667 0.06041666666666667 0.11296296296296296