4 0.5432291666666667 0.2712962962962963 0.04895833333333333 0.046296296296296294
4 0.5046875 0.35555555555555557 0.053125 0.044444444444444446
4 0.5145833333333333 0.3907407407407407 0.03958333333333333 0.03333333333333333
4 0.5416666666666666 0.43333333333333335 0.052083333333333336 0.025925925925925925
4 0.55 0.4 0.05 0.040740740740740744
4 0.5557291666666667 0.30277777777777776 0.051041666666666666 0.03148148148148148
4 0.5098958333333333 0.36574074074074076 0.06145833333333333 0.03888888888888889
4 0.5265625 0.5018518518518519 0.04895833333333333 0.02962962962962963
4 0.5765625 0.4009259259259259 0.03854166666666667 0.03148148148148148
4 0.5416666666666666 0.40925925925925927 0.035416666666666666 0.022222222222222223
5 0.6041666666666666 0.9527777777777777 0.08333333333333333 0.09074074074074075
4 0.6270833333333333 0.2212962962962963 0.0375 0.04259259259259259
4 0.5661458333333333 0.2 0.036458333333333336 0.025925925925925925
4 0.5942708333333333 0.33240740740740743 0.04479166666666667 0.024074074074074074
4 0.6755208333333333 0.2759259259259259 0.04479166666666667 0.044444444444444446
4 0.6817708333333333 0.36944444444444446 0.030208333333333334 0.027777777777777776
4 0.5901041666666667 0.44074074074074077 0.019791666666666666 0.025925925925925925