4 0.4765625 0.28055555555555556 0.065625 0.03518518518518519
4 0.4296875 0.3194444444444444 0.057291666666666664 0.03148148148148148
4 0.44427083333333334 0.41574074074074074 0.06354166666666666 0.03518518518518519
4 0.4786458333333333 0.43148148148148147 0.06979166666666667 0.044444444444444446
4 0.47604166666666664 0.4324074074074074 0.07291666666666667 0.046296296296296294
4 0.49947916666666664 0.30277777777777776 0.06979166666666667 0.027777777777777776
4 0.44479166666666664 0.36203703703703705 0.06458333333333334 0.05740740740740741
4 0.4348958333333333 0.5027777777777778 0.042708333333333334 0.027777777777777776
4 0.5489583333333333 0.5324074074074074 0.04375 0.03148148148148148
4 0.4557291666666667 0.46944444444444444 0.04479166666666667 0.027777777777777776
5 0.6041666666666666 0.9527777777777777 0.08333333333333333 0.09074074074074075
4 0.6510416666666666 0.26666666666666666 0.05416666666666667 0.037037037037037035
4 0.546875 0.2388888888888889 0.05625 0.025925925925925925
4 0.5432291666666667 0.4083333333333333 0.06354166666666666 0.03518518518518519
4 0.6505208333333333 0.32037037037037036 0.04479166666666667 0.044444444444444446
4 0.615625 0.39351851851851855 0.03958333333333333 0.03888888888888889
4 0.47708333333333336 0.5027777777777778 0.05416666666666667 0.05740740740740741
4 0.6109375 0.3398148148148148 0.028125 0.03518518518518519
4 0.5614583333333333 0.46296296296296297 0.06041666666666667 0.03333333333333333