5 0.45260416666666664 0.9333333333333333 0.07395833333333333 0.10740740740740741
0 0.6421875 0.8055555555555556 0.04479166666666667 0.05555555555555555
4 0.0125 0.7287037037037037 0.025 0.016666666666666666
4 0.015625 0.8 0.03125 0.025925925925925925
4 0.0203125 0.725 0.040625 0.03518518518518519
4 0.0265625 0.5879629629629629 0.053125 0.024074074074074074
4 0.030729166666666665 0.8648148148148148 0.059375 0.025925925925925925
4 0.0546875 0.9722222222222222 0.08229166666666667 0.044444444444444446
4 0.028125 0.5712962962962963 0.05625 0.020370370370370372
4 0.05572916666666667 0.7685185185185185 0.07604166666666666 0.05925925925925926
4 0.019270833333333334 0.41203703703703703 0.03854166666666667 0.08703703703703704