4 0.3572916666666667 0.7333333333333333 0.10416666666666667 0.07777777777777778
4 0.3260416666666667 0.7898148148148149 0.11666666666666667 0.05740740740740741
4 0.45364583333333336 0.7166666666666667 0.146875 0.08148148148148149
4 0.5578125 0.862037037037037 0.14479166666666668 0.10185185185185185
4 0.26510416666666664 0.899074074074074 0.11770833333333333 0.07222222222222222
4 0.4583333333333333 0.9148148148148149 0.06666666666666667 0.05555555555555555
4 0.3260416666666667 0.9657407407407408 0.125 0.05740740740740741
4 0.22369791666666666 0.9689814814814814 0.07864583333333333 0.06018518518518518
4 0.4895833333333333 0.9351851851851852 0.1375 0.09259259259259259
4 0.21927083333333333 0.8222222222222222 0.134375 0.0962962962962963
4 0.5151041666666667 0.8074074074074075 0.13645833333333332 0.08888888888888889
5 0.6083333333333333 0.9416666666666667 0.06041666666666667 0.11296296296296296