5 0.471875 0.8925925925925926 0.04583333333333333 0.08518518518518518
4 0.7505208333333333 0.7074074074074074 0.065625 0.1
4 0.646875 0.7583333333333333 0.05 0.09814814814814815
0 0.5526041666666667 0.9388888888888889 0.036458333333333336 0.06666666666666667
4 0.6072916666666667 0.8648148148148148 0.05416666666666667 0.14444444444444443
4 0.7197916666666667 0.8777777777777778 0.07291666666666667 0.11481481481481481
4 0.8072916666666666 0.8898148148148148 0.027083333333333334 0.09814814814814815
4 0.8333333333333334 0.8611111111111112 0.025 0.07037037037037037
4 0.58359375 0.9569444444444445 0.0546875 0.08425925925925926
4 0.61875 0.8629629629629629 0.020833333333333332 0.1
4 0.6880208333333333 0.8018518518518518 0.08020833333333334 0.08148148148148149
4 0.7869791666666667 0.8018518518518518 0.051041666666666666 0.08518518518518518
4 0.6635416666666667 0.9444444444444444 0.06666666666666667 0.08148148148148149
4 0.8286458333333333 0.7194444444444444 0.065625 0.05740740740740741