4 0.3484375 0.7287037037037037 0.103125 0.10185185185185185
4 0.2875 0.6425925925925926 0.10208333333333333 0.0962962962962963
4 0.43125 0.5861111111111111 0.16041666666666668 0.08703703703703704
4 0.5713541666666667 0.8 0.140625 0.1259259259259259
4 0.24739583333333334 0.7944444444444444 0.11145833333333334 0.1259259259259259
4 0.29583333333333334 0.8601851851851852 0.08333333333333333 0.13148148148148148
4 0.19010416666666666 0.9222222222222223 0.121875 0.11851851851851852
4 0.45546875 0.9495370370370371 0.14010416666666667 0.09907407407407408
4 0.30572916666666666 0.9425925925925925 0.10729166666666666 0.07407407407407407
4 0.20546875 0.9606481481481481 0.10677083333333333 0.07685185185185185
4 0.428125 0.837037037037037 0.10416666666666667 0.1
4 0.2015625 0.7490740740740741 0.103125 0.11666666666666667
4 0.4791666666666667 0.7546296296296297 0.13125 0.10185185185185185
5 0.6083333333333333 0.9416666666666667 0.06041666666666667 0.11296296296296296