4 0.20364583333333333 0.5805555555555556 0.057291666666666664 0.04259259259259259
4 0.15729166666666666 0.7018518518518518 0.03958333333333333 0.03333333333333333
4 0.21197916666666666 0.825925925925926 0.07604166666666666 0.05925925925925926
4 0.17447916666666666 0.6712962962962963 0.06354166666666666 0.053703703703703705
4 0.1640625 0.8101851851851852 0.04895833333333333 0.03518518518518519
4 0.30885416666666665 0.7675925925925926 0.07395833333333333 0.05
4 0.24947916666666667 0.8777777777777778 0.04479166666666667 0.03333333333333333
5 0.6041666666666666 0.9527777777777777 0.08333333333333333 0.09074074074074075
4 0.31614583333333335 0.5018518518518519 0.071875 0.08518518518518518
4 0.228125 0.512962962962963 0.06666666666666667 0.044444444444444446
4 0.23645833333333333 0.7379629629629629 0.075 0.05740740740740741
4 0.3072916666666667 0.5453703703703704 0.06666666666666667 0.053703703703703705
4 0.27760416666666665 0.8888888888888888 0.057291666666666664 0.040740740740740744
4 0.21666666666666667 0.8601851851851852 0.05416666666666667 0.04259259259259259
4 0.353125 0.6018518518518519 0.07708333333333334 0.08148148148148149
4 0.26197916666666665 0.6777777777777778 0.051041666666666666 0.05185185185185185
4 0.19635416666666666 0.7277777777777777 0.042708333333333334 0.02962962962962963