4 0.440625 0.26944444444444443 0.07708333333333334 0.046296296296296294
4 0.4046875 0.30648148148148147 0.06145833333333333 0.027777777777777776
4 0.41458333333333336 0.4287037037037037 0.052083333333333336 0.03148148148148148
4 0.44895833333333335 0.42777777777777776 0.07083333333333333 0.05555555555555555
4 0.43697916666666664 0.43425925925925923 0.065625 0.05
4 0.4703125 0.2972222222222222 0.071875 0.03148148148148148
4 0.40625 0.37777777777777777 0.07083333333333333 0.04814814814814815
4 0.4140625 0.5037037037037037 0.04479166666666667 0.037037037037037035
4 0.515625 0.5222222222222223 0.05625 0.02962962962962963
4 0.4296875 0.46574074074074073 0.04479166666666667 0.027777777777777776
5 0.6041666666666666 0.9527777777777777 0.08333333333333333 0.09074074074074075
4 0.6208333333333333 0.2722222222222222 0.06666666666666667 0.037037037037037035
4 0.540625 0.21481481481481482 0.06458333333333334 0.025925925925925925
4 0.503125 0.3962962962962963 0.06041666666666667 0.044444444444444446
4 0.621875 0.3333333333333333 0.04791666666666667 0.040740740740740744
4 0.5770833333333333 0.4425925925925926 0.035416666666666666 0.037037037037037035
4 0.43854166666666666 0.5314814814814814 0.058333333333333334 0.06666666666666667
4 0.5765625 0.37222222222222223 0.04895833333333333 0.03333333333333333
4 0.5276041666666667 0.45555555555555555 0.059375 0.040740740740740744
4 0.47552083333333334 0.44814814814814813 0.04895833333333333 0.040740740740740744