5 0.4515625 0.9351851851851852 0.07395833333333333 0.10740740740740741
0 0.6375 0.8305555555555556 0.03958333333333333 0.053703703703703705
4 0.0984375 0.7759259259259259 0.06354166666666666 0.03333333333333333
4 0.07291666666666667 0.8657407407407407 0.06458333333333334 0.05
4 0.05416666666666667 0.8074074074074075 0.0625 0.07037037037037037
4 0.028645833333333332 0.8185185185185185 0.03854166666666667 0.037037037037037035
4 0.0203125 0.8342592592592593 0.040625 0.053703703703703705
4 0.016666666666666666 0.912962962962963 0.03333333333333333 0.025925925925925925
4 0.039322916666666666 0.9828703703703704 0.0328125 0.032407407407407406
4 0.013020833333333334 0.9351851851851852 0.026041666666666668 0.02962962962962963
4 0.014583333333333334 0.8759259259259259 0.027083333333333334 0.025925925925925925