4 0.16666666666666666 0.6842592592592592 0.06875 0.027777777777777776
4 0.12135416666666667 0.7037037037037037 0.04895833333333333 0.040740740740740744
4 0.15208333333333332 0.8981481481481481 0.04583333333333333 0.040740740740740744
4 0.33229166666666665 0.9444444444444444 0.058333333333333334 0.037037037037037035
5 0.609375 0.9527777777777777 0.08333333333333333 0.09074074074074075
4 0.27760416666666665 0.7453703703703703 0.071875 0.03518518518518519
4 0.18854166666666666 0.6462962962962963 0.06041666666666667 0.025925925925925925
4 0.18333333333333332 0.9046296296296297 0.06458333333333334 0.03888888888888889
4 0.23854166666666668 0.7240740740740741 0.05625 0.03333333333333333
4 0.128125 0.9592592592592593 0.06875 0.037037037037037035
4 0.228125 0.8240740740740741 0.052083333333333336 0.03333333333333333
4 0.15989583333333332 0.7814814814814814 0.078125 0.037037037037037035
4 0.184375 0.9333333333333333 0.04791666666666667 0.025925925925925925