4 0.22083333333333333 0.5101851851851852 0.052083333333333336 0.053703703703703705
4 0.17916666666666667 0.6324074074074074 0.05416666666666667 0.07592592592592592
4 0.19791666666666666 0.587037037037037 0.04375 0.05185185185185185
4 0.24427083333333333 0.6962962962962963 0.078125 0.05185185185185185
4 0.22604166666666667 0.5203703703703704 0.06666666666666667 0.06296296296296296
4 0.19635416666666666 0.6944444444444444 0.05520833333333333 0.044444444444444446
4 0.3614583333333333 0.7203703703703703 0.07291666666666667 0.044444444444444446
4 0.2765625 0.8046296296296296 0.04895833333333333 0.03888888888888889
5 0.6041666666666666 0.9527777777777777 0.08333333333333333 0.09074074074074075
4 0.4125 0.4009259259259259 0.075 0.046296296296296294
4 0.25729166666666664 0.3990740740740741 0.06875 0.03888888888888889
4 0.29583333333333334 0.6185185185185185 0.08333333333333333 0.05555555555555555
4 0.3125 0.4398148148148148 0.07083333333333333 0.05
4 0.32760416666666664 0.7564814814814815 0.06145833333333333 0.05
4 0.23125 0.7175925925925926 0.06458333333333334 0.04259259259259259
4 0.3984375 0.5342592592592592 0.08020833333333334 0.05740740740740741
4 0.2760416666666667 0.7361111111111112 0.04583333333333333 0.046296296296296294
4 0.2677083333333333 0.5962962962962963 0.05 0.037037037037037035
4 0.24739583333333334 0.6398148148148148 0.042708333333333334 0.03148148148148148