4 0.22864583333333333 0.462037037037037 0.05520833333333333 0.05
4 0.18958333333333333 0.5462962962962963 0.0625 0.08518518518518518
4 0.23385416666666667 0.5194444444444445 0.051041666666666666 0.04259259259259259
4 0.3302083333333333 0.6472222222222223 0.05416666666666667 0.03148148148148148
4 0.2708333333333333 0.6453703703703704 0.014583333333333334 0.08333333333333333
4 0.24270833333333333 0.4648148148148148 0.07083333333333333 0.06666666666666667
4 0.22916666666666666 0.6564814814814814 0.052083333333333336 0.05740740740740741
4 0.39010416666666664 0.6407407407407407 0.057291666666666664 0.05925925925925926
4 0.2859375 0.7925925925925926 0.05520833333333333 0.04814814814814815
5 0.6041666666666666 0.9527777777777777 0.08333333333333333 0.09074074074074075
4 0.42916666666666664 0.32314814814814813 0.06666666666666667 0.04259259259259259
4 0.3151041666666667 0.31574074074074077 0.06979166666666667 0.05740740740740741
4 0.3260416666666667 0.5833333333333334 0.075 0.040740740740740744
4 0.37447916666666664 0.33425925925925926 0.08229166666666667 0.05740740740740741
4 0.36875 0.6842592592592592 0.058333333333333334 0.06481481481481481
4 0.24322916666666666 0.6981481481481482 0.06145833333333333 0.05555555555555555
4 0.434375 0.44537037037037036 0.07916666666666666 0.08703703703703704
4 0.29583333333333334 0.7129629629629629 0.05416666666666667 0.040740740740740744
4 0.275 0.5972222222222222 0.05 0.027777777777777776