5 0.45260416666666664 0.9333333333333333 0.07395833333333333 0.10740740740740741
0 0.6411458333333333 0.8018518518518518 0.04479166666666667 0.05555555555555555
4 0.013541666666666667 0.7148148148148148 0.027083333333333334 0.02962962962962963
4 0.017708333333333333 0.8101851851851852 0.035416666666666666 0.024074074074074074
4 0.027083333333333334 0.7175925925925926 0.05416666666666667 0.053703703703703705
4 0.027083333333333334 0.6203703703703703 0.05416666666666667 0.025925925925925925
4 0.0359375 0.8796296296296297 0.06770833333333333 0.02962962962962963
4 0.06614583333333333 0.9685185185185186 0.08229166666666667 0.044444444444444446
4 0.03333333333333333 0.5981481481481481 0.06666666666666667 0.025925925925925925
4 0.07395833333333333 0.7916666666666666 0.07708333333333334 0.05
4 0.011979166666666667 0.4462962962962963 0.023958333333333335 0.06666666666666667