4 0.22083333333333333 0.5203703703703704 0.052083333333333336 0.05555555555555555
4 0.18177083333333333 0.6518518518518519 0.059375 0.07037037037037037
4 0.19583333333333333 0.6027777777777777 0.04375 0.046296296296296294
4 0.23333333333333334 0.7111111111111111 0.07708333333333334 0.05185185185185185
4 0.22291666666666668 0.5370370370370371 0.06666666666666667 0.05925925925925926
4 0.18802083333333333 0.7074074074074074 0.05520833333333333 0.05185185185185185
4 0.3567708333333333 0.7277777777777777 0.07395833333333333 0.044444444444444446
4 0.275 0.8064814814814815 0.04583333333333333 0.03518518518518519
5 0.6041666666666666 0.9527777777777777 0.08333333333333333 0.09074074074074075
4 0.39947916666666666 0.4111111111111111 0.071875 0.044444444444444446
4 0.2515625 0.40370370370370373 0.06770833333333333 0.037037037037037035
4 0.28541666666666665 0.6259259259259259 0.08541666666666667 0.04814814814814815
4 0.30833333333333335 0.45185185185185184 0.07083333333333333 0.04814814814814815
4 0.3171875 0.7712962962962963 0.057291666666666664 0.05
4 0.22708333333333333 0.7194444444444444 0.06458333333333334 0.04259259259259259
4 0.3927083333333333 0.5472222222222223 0.07083333333333333 0.05740740740740741
4 0.27291666666666664 0.7416666666666667 0.04583333333333333 0.046296296296296294
4 0.26875 0.5953703703703703 0.05416666666666667 0.04259259259259259
4 0.2484375 0.6472222222222223 0.046875 0.027777777777777776