4 0.3223958333333333 0.6333333333333333 0.090625 0.1111111111111111
4 0.3098958333333333 0.4388888888888889 0.10729166666666666 0.17037037037037037
4 0.5015625 0.6685185185185185 0.109375 0.13333333333333333
4 0.19427083333333334 0.6703703703703704 0.115625 0.11851851851851852
4 0.4296875 0.7453703703703703 0.057291666666666664 0.06481481481481481
4 0.2609375 0.6777777777777778 0.09270833333333334 0.17777777777777778
4 0.16510416666666666 0.7296296296296296 0.103125 0.13703703703703704
4 0.31666666666666665 0.8277777777777777 0.12916666666666668 0.17777777777777778
4 0.33177083333333335 0.7268518518518519 0.090625 0.10185185185185185
4 0.21510416666666668 0.8351851851851851 0.115625 0.17777777777777778
4 0.24375 0.5574074074074075 0.10208333333333333 0.1259259259259259
4 0.2375 0.9435185185185185 0.08125 0.08333333333333333
4 0.2515625 0.8324074074074074 0.08645833333333333 0.12407407407407407
4 0.4114583333333333 0.5990740740740741 0.12083333333333333 0.12037037037037036
4 0.39895833333333336 0.9490740740740741 0.07708333333333334 0.09074074074074075
4 0.20989583333333334 0.5185185185185185 0.115625 0.17037037037037037
4 0.46197916666666666 0.5675925925925925 0.09270833333333334 0.12407407407407407
5 0.6083333333333333 0.9416666666666667 0.06041666666666667 0.11296296296296296