5 0.471875 0.8925925925925926 0.04583333333333333 0.08518518518518518
4 0.7526041666666666 0.7166666666666667 0.065625 0.08888888888888889
4 0.6354166666666666 0.7712962962962963 0.06041666666666667 0.09814814814814815
0 0.5520833333333334 0.9407407407407408 0.035416666666666666 0.06296296296296296
4 0.6302083333333334 0.8444444444444444 0.06041666666666667 0.17407407407407408
4 0.7338541666666667 0.8351851851851851 0.059375 0.15925925925925927
4 0.8333333333333334 0.8611111111111112 0.025 0.07037037037037037
4 0.5830729166666667 0.9671296296296297 0.0453125 0.06388888888888888
4 0.6515625 0.8444444444444444 0.023958333333333335 0.0962962962962963
4 0.6703125 0.8351851851851851 0.06145833333333333 0.08148148148148149
4 0.7885416666666667 0.8083333333333333 0.05625 0.05
4 0.8171875 0.7138888888888889 0.053125 0.04259259259259259
4 0.64375 0.9342592592592592 0.06041666666666667 0.06851851851851852