5 0.45260416666666664 0.9333333333333333 0.07395833333333333 0.10740740740740741
0 0.6463541666666667 0.8092592592592592 0.04479166666666667 0.05555555555555555
4 0.0171875 0.7314814814814815 0.034375 0.025925925925925925
4 0.053125 0.7722222222222223 0.0625 0.02962962962962963
4 0.025 0.6972222222222222 0.05 0.03148148148148148
4 0.0640625 0.5916666666666667 0.06979166666666667 0.053703703703703705
4 0.018229166666666668 0.8064814814814815 0.036458333333333336 0.03148148148148148
4 0.027604166666666666 0.8527777777777777 0.05520833333333333 0.03888888888888889
4 0.05677083333333333 0.5351851851851852 0.059375 0.05555555555555555
4 0.010416666666666666 0.7694444444444445 0.020833333333333332 0.027777777777777776
4 0.024479166666666666 0.38333333333333336 0.023958333333333335 0.1037037037037037