4 0.20260416666666667 0.5990740740740741 0.057291666666666664 0.04259259259259259
4 0.17447916666666666 0.700925925925926 0.07395833333333333 0.053703703703703705
4 0.1640625 0.812037037037037 0.04895833333333333 0.03518518518518519
4 0.31614583333333335 0.7777777777777778 0.06354166666666666 0.05555555555555555
4 0.2265625 0.8944444444444445 0.04479166666666667 0.03333333333333333
5 0.6041666666666666 0.9527777777777777 0.08333333333333333 0.09074074074074075
4 0.3109375 0.524074074074074 0.071875 0.08518518518518518
4 0.225 0.5277777777777778 0.06666666666666667 0.044444444444444446
4 0.23020833333333332 0.7657407407407407 0.075 0.05740740740740741
4 0.2989583333333333 0.5712962962962963 0.05625 0.053703703703703705
4 0.27239583333333334 0.9148148148148149 0.046875 0.040740740740740744
4 0.2046875 0.8546296296296296 0.06145833333333333 0.046296296296296294
4 0.34375 0.6203703703703703 0.06666666666666667 0.08148148148148149
4 0.2598958333333333 0.6962962962962963 0.051041666666666666 0.05185185185185185
4 0.1921875 0.7351851851851852 0.042708333333333334 0.02962962962962963