5 0.45260416666666664 0.9333333333333333 0.07395833333333333 0.10740740740740741
0 0.6463541666666667 0.8111111111111111 0.04479166666666667 0.05555555555555555
4 0.017708333333333333 0.7314814814814815 0.035416666666666666 0.025925925925925925
4 0.0546875 0.7712962962962963 0.06145833333333333 0.03148148148148148
4 0.0265625 0.6972222222222222 0.053125 0.03148148148148148
4 0.06822916666666666 0.5935185185185186 0.06979166666666667 0.053703703703703705
4 0.019270833333333334 0.8083333333333333 0.03854166666666667 0.03148148148148148
4 0.030208333333333334 0.8518518518518519 0.06041666666666667 0.03333333333333333
4 0.058333333333333334 0.5416666666666666 0.05625 0.06481481481481481
4 0.0125 0.7685185185185185 0.025 0.025925925925925925
4 0.021354166666666667 0.3861111111111111 0.023958333333333335 0.10185185185185185