4 0.33489583333333334 0.6435185185185185 0.10104166666666667 0.08703703703703704
4 0.3333333333333333 0.4675925925925926 0.12291666666666666 0.13148148148148148
4 0.5015625 0.6759259259259259 0.10729166666666666 0.14444444444444443
4 0.19947916666666668 0.6768518518518518 0.10729166666666666 0.11296296296296296
4 0.2682291666666667 0.7092592592592593 0.115625 0.14814814814814814
4 0.1609375 0.7462962962962963 0.103125 0.13703703703703704
4 0.34791666666666665 0.8333333333333334 0.13333333333333333 0.18518518518518517
4 0.3296875 0.7787037037037037 0.09895833333333333 0.08703703703703704
4 0.20572916666666666 0.8481481481481481 0.121875 0.17037037037037037
4 0.24635416666666668 0.9361111111111111 0.090625 0.11666666666666667
4 0.25052083333333336 0.8203703703703704 0.08854166666666667 0.13703703703703704
4 0.4484375 0.5916666666666667 0.134375 0.14629629629629629
4 0.40520833333333334 0.9629629629629629 0.06666666666666667 0.06666666666666667
4 0.22083333333333333 0.587037037037037 0.125 0.12962962962962962
4 0.4484375 0.5407407407407407 0.11354166666666667 0.15555555555555556
5 0.6083333333333333 0.9416666666666667 0.06041666666666667 0.11296296296296296