4 0.1453125 0.674074074074074 0.06979166666666667 0.03333333333333333
4 0.075 0.762962962962963 0.052083333333333336 0.06666666666666667
4 0.2484375 0.9824074074074074 0.06145833333333333 0.03148148148148148
5 0.609375 0.9527777777777777 0.08333333333333333 0.09074074074074075
4 0.2713541666666667 0.8083333333333333 0.090625 0.03888888888888889
4 0.13333333333333333 0.6240740740740741 0.06041666666666667 0.04814814814814815
4 0.2015625 0.7444444444444445 0.071875 0.03333333333333333
4 0.07552083333333333 0.9333333333333333 0.06979166666666667 0.06296296296296296
4 0.18489583333333334 0.8481481481481481 0.059375 0.03333333333333333
4 0.11614583333333334 0.7796296296296297 0.07395833333333333 0.037037037037037035
4 0.084375 0.825925925925926 0.052083333333333336 0.03333333333333333
4 0.240625 0.8805555555555555 0.052083333333333336 0.03148148148148148
4 0.11979166666666667 0.8740740740740741 0.05 0.03333333333333333