4 0.19739583333333333 0.6648148148148149 0.06145833333333333 0.03333333333333333
4 0.1234375 0.7092592592592593 0.046875 0.037037037037037035
4 0.1671875 0.862037037037037 0.057291666666666664 0.04259259259259259
4 0.3567708333333333 0.8972222222222223 0.05520833333333333 0.04259259259259259
5 0.609375 0.9527777777777777 0.08333333333333333 0.09074074074074075
4 0.2838541666666667 0.6888888888888889 0.071875 0.044444444444444446
4 0.18385416666666668 0.6342592592592593 0.06770833333333333 0.03888888888888889
4 0.20729166666666668 0.8814814814814815 0.06458333333333334 0.044444444444444446
4 0.26666666666666666 0.6861111111111111 0.05625 0.046296296296296294
4 0.15052083333333333 0.9407407407407408 0.06145833333333333 0.037037037037037035
4 0.315625 0.7601851851851852 0.04375 0.05740740740740741
4 0.23645833333333333 0.799074074074074 0.052083333333333336 0.04259259259259259
4 0.165625 0.7694444444444445 0.06875 0.03148148148148148
4 0.20364583333333333 0.975 0.040625 0.03518518518518519