4 0.5213541666666667 0.2833333333333333 0.05520833333333333 0.037037037037037035
4 0.4817708333333333 0.3509259259259259 0.065625 0.03148148148148148
4 0.48333333333333334 0.42777777777777776 0.04583333333333333 0.02962962962962963
4 0.5286458333333334 0.4527777777777778 0.042708333333333334 0.03148148148148148
4 0.5286458333333334 0.42592592592592593 0.051041666666666666 0.044444444444444446
4 0.5395833333333333 0.30185185185185187 0.07083333333333333 0.02962962962962963
4 0.49375 0.37037037037037035 0.06041666666666667 0.040740740740740744
4 0.5 0.5314814814814814 0.05416666666666667 0.02962962962962963
4 0.5552083333333333 0.425 0.06041666666666667 0.03888888888888889
5 0.6041666666666666 0.9527777777777777 0.08333333333333333 0.09074074074074075
4 0.6338541666666667 0.23703703703703705 0.04479166666666667 0.04814814814814815
4 0.553125 0.23425925925925925 0.04375 0.03518518518518519
4 0.5854166666666667 0.3537037037037037 0.041666666666666664 0.02962962962962963
4 0.6692708333333334 0.2833333333333333 0.04479166666666667 0.044444444444444446
4 0.6567708333333333 0.35185185185185186 0.034375 0.02962962962962963
4 0.5494791666666666 0.4685185185185185 0.053125 0.040740740740740744
4 0.6109375 0.3398148148148148 0.028125 0.03518518518518519
4 0.5838541666666667 0.46944444444444444 0.030208333333333334 0.027777777777777776