4 0.3338541666666667 0.5370370370370371 0.10104166666666667 0.15555555555555556
4 0.4869791666666667 0.7731481481481481 0.078125 0.12777777777777777
4 0.2359375 0.7342592592592593 0.096875 0.10185185185185185
4 0.44895833333333335 0.7824074074074074 0.05625 0.10925925925925926
4 0.3015625 0.7611111111111111 0.09270833333333334 0.11851851851851852
4 0.1796875 0.8296296296296296 0.07604166666666666 0.14074074074074075
4 0.2890625 0.8212962962962963 0.146875 0.17962962962962964
4 0.371875 0.6916666666666667 0.07916666666666666 0.09074074074074075
4 0.24348958333333334 0.9430555555555555 0.09114583333333333 0.11203703703703703
4 0.24583333333333332 0.6055555555555555 0.06875 0.09259259259259259
4 0.31640625 0.9310185185185185 0.08489583333333334 0.1361111111111111
4 0.23697916666666666 0.875 0.03854166666666667 0.07222222222222222
4 0.3333333333333333 0.8648148148148148 0.08333333333333333 0.12222222222222222
4 0.43020833333333336 0.6907407407407408 0.10208333333333333 0.15185185185185185
4 0.4427083333333333 0.9231481481481482 0.0875 0.12777777777777777
4 0.209375 0.6083333333333333 0.08958333333333333 0.18703703703703703
4 0.4973958333333333 0.7212962962962963 0.053125 0.09814814814814815
5 0.6083333333333333 0.9416666666666667 0.06041666666666667 0.11296296296296296