5 0.45260416666666664 0.9333333333333333 0.07395833333333333 0.10740740740740741
0 0.6463541666666667 0.8111111111111111 0.04479166666666667 0.05555555555555555
4 0.018229166666666668 0.7305555555555555 0.036458333333333336 0.027777777777777776
4 0.05625 0.7703703703703704 0.0625 0.02962962962962963
4 0.027604166666666666 0.6953703703703704 0.05520833333333333 0.03148148148148148
4 0.06822916666666666 0.5981481481481481 0.06770833333333333 0.05555555555555555
4 0.01875 0.8083333333333333 0.0375 0.03148148148148148
4 0.030208333333333334 0.8518518518518519 0.06041666666666667 0.03333333333333333
4 0.059375 0.5472222222222223 0.05416666666666667 0.07222222222222222
4 0.015625 0.774074074074074 0.03125 0.022222222222222223
4 0.018229166666666668 0.38981481481481484 0.021875 0.10185185185185185