4 0.20260416666666667 0.6027777777777777 0.057291666666666664 0.04259259259259259
4 0.1703125 0.7083333333333334 0.07395833333333333 0.053703703703703705
4 0.1671875 0.8138888888888889 0.057291666666666664 0.03518518518518519
4 0.31979166666666664 0.7851851851851852 0.0625 0.05555555555555555
4 0.2234375 0.9018518518518519 0.04479166666666667 0.03333333333333333
5 0.6083333333333333 0.9527777777777777 0.08333333333333333 0.09074074074074075
4 0.30885416666666665 0.5296296296296297 0.071875 0.08518518518518518
4 0.22395833333333334 0.5314814814814814 0.06666666666666667 0.044444444444444446
4 0.22916666666666666 0.7731481481481481 0.075 0.05740740740740741
4 0.296875 0.5768518518518518 0.05625 0.053703703703703705
4 0.2703125 0.9203703703703704 0.046875 0.040740740740740744
4 0.2046875 0.8601851851851852 0.06145833333333333 0.046296296296296294
4 0.33645833333333336 0.6277777777777778 0.05625 0.08148148148148149
4 0.26197916666666665 0.7 0.051041666666666666 0.05185185185185185
4 0.1921875 0.7351851851851852 0.042708333333333334 0.02962962962962963