4 0.13385416666666666 0.5055555555555555 0.071875 0.03333333333333333
4 0.171875 0.95 0.05625 0.03333333333333333
5 0.609375 0.9527777777777777 0.08333333333333333 0.09074074074074075
4 0.175 0.7935185185185185 0.07916666666666666 0.05
4 0.084375 0.5527777777777778 0.06041666666666667 0.05
4 0.11614583333333334 0.6259259259259259 0.06979166666666667 0.037037037037037035
4 0.0609375 0.7064814814814815 0.065625 0.03888888888888889
4 0.09583333333333334 0.7518518518518519 0.058333333333333334 0.037037037037037035
4 0.05260416666666667 0.8814814814814815 0.042708333333333334 0.06296296296296296
4 0.0859375 0.7787037037037037 0.06770833333333333 0.03148148148148148
4 0.1078125 0.8037037037037037 0.04895833333333333 0.037037037037037035