4 0.13125 0.5481481481481482 0.06875 0.03333333333333333
4 0.19895833333333332 0.9574074074074074 0.05625 0.03333333333333333
5 0.609375 0.9527777777777777 0.08333333333333333 0.09074074074074075
4 0.19270833333333334 0.8157407407407408 0.08541666666666667 0.05
4 0.1 0.587037037037037 0.06041666666666667 0.040740740740740744
4 0.14895833333333333 0.6537037037037037 0.075 0.037037037037037035
4 0.0234375 0.8712962962962963 0.046875 0.053703703703703705
4 0.08333333333333333 0.7398148148148148 0.07083333333333333 0.04259259259259259
4 0.015104166666666667 0.7814814814814814 0.028125 0.05555555555555555
4 0.11145833333333334 0.7759259259259259 0.06041666666666667 0.040740740740740744
4 0.07916666666666666 0.8972222222222223 0.041666666666666664 0.06851851851851852
4 0.10989583333333333 0.812037037037037 0.06770833333333333 0.03148148148148148