4 0.3515625 0.45 0.11145833333333334 0.13703703703703704
4 0.48541666666666666 0.6787037037037037 0.08333333333333333 0.1648148148148148
4 0.18645833333333334 0.7055555555555556 0.10625 0.1259259259259259
4 0.41875 0.7518518518518519 0.06666666666666667 0.09259259259259259
4 0.28541666666666665 0.7138888888888889 0.09166666666666666 0.13518518518518519
4 0.14375 0.7851851851851852 0.10833333333333334 0.14444444444444443
4 0.2796875 0.8148148148148148 0.11354166666666667 0.22962962962962963
4 0.34270833333333334 0.7046296296296296 0.07291666666666667 0.07962962962962963
4 0.2171875 0.85 0.09270833333333334 0.18518518518518517
4 0.24322916666666666 0.5564814814814815 0.10520833333333333 0.10555555555555556
4 0.2838541666666667 0.9055555555555556 0.103125 0.14074074074074075
4 0.40520833333333334 0.5907407407407408 0.09375 0.1814814814814815
4 0.39739583333333334 0.912962962962963 0.090625 0.0962962962962963
4 0.41640625 0.9587962962962963 0.10364583333333334 0.08055555555555556
4 0.20364583333333333 0.5546296296296296 0.11354166666666667 0.1685185185185185
4 0.484375 0.6175925925925926 0.06458333333333334 0.1574074074074074
5 0.6083333333333333 0.9416666666666667 0.06041666666666667 0.11296296296296296