4 0.42864583333333334 0.27314814814814814 0.07604166666666666 0.05
4 0.39947916666666666 0.30648148148148147 0.06145833333333333 0.027777777777777776
4 0.403125 0.43333333333333335 0.05 0.037037037037037035
4 0.43125 0.43796296296296294 0.06458333333333334 0.05740740740740741
4 0.4296875 0.44166666666666665 0.065625 0.06481481481481481
4 0.4625 0.2962962962962963 0.0625 0.03333333333333333
4 0.39427083333333335 0.3851851851851852 0.06770833333333333 0.04814814814814815
4 0.4114583333333333 0.5018518518518519 0.04583333333333333 0.037037037037037035
4 0.5083333333333333 0.5203703703703704 0.052083333333333336 0.025925925925925925
4 0.42135416666666664 0.46574074074074073 0.04479166666666667 0.027777777777777776
5 0.6041666666666666 0.9527777777777777 0.08333333333333333 0.09074074074074075
4 0.6125 0.2759259259259259 0.07291666666666667 0.037037037037037035
4 0.5369791666666667 0.2064814814814815 0.06145833333333333 0.024074074074074074
4 0.4942708333333333 0.4027777777777778 0.057291666666666664 0.03888888888888889
4 0.615625 0.3351851851851852 0.0625 0.037037037037037035
4 0.5713541666666667 0.43333333333333335 0.034375 0.025925925925925925
4 0.43645833333333334 0.5388888888888889 0.058333333333333334 0.05925925925925926
4 0.5755208333333334 0.3638888888888889 0.06979166666666667 0.03518518518518519
4 0.5072916666666667 0.462037037037037 0.05 0.03518518518518519
4 0.46770833333333334 0.45 0.05625 0.037037037037037035