4 0.346875 0.48055555555555557 0.09166666666666666 0.12407407407407407
4 0.5015625 0.7129629629629629 0.09270833333333334 0.13703703703703704
4 0.215625 0.7185185185185186 0.10208333333333333 0.09259259259259259
4 0.43072916666666666 0.7611111111111111 0.065625 0.1
4 0.29270833333333335 0.7314814814814815 0.09791666666666667 0.14444444444444443
4 0.1546875 0.8157407407407408 0.08229166666666667 0.1388888888888889
4 0.29270833333333335 0.8435185185185186 0.125 0.20185185185185187
4 0.3541666666666667 0.7064814814814815 0.07916666666666666 0.09074074074074075
4 0.23880208333333333 0.9106481481481481 0.10052083333333334 0.17685185185185184
4 0.23333333333333334 0.5814814814814815 0.11666666666666667 0.13703703703703704
4 0.30885416666666665 0.9212962962962963 0.10104166666666667 0.13518518518518519
4 0.23385416666666667 0.8490740740740741 0.03854166666666667 0.07222222222222222
4 0.32447916666666665 0.8592592592592593 0.084375 0.1111111111111111
4 0.43072916666666666 0.6407407407407407 0.10520833333333333 0.16296296296296298
4 0.38177083333333334 0.9592592592592593 0.034375 0.05925925925925926
4 0.4276041666666667 0.9092592592592592 0.09479166666666666 0.11851851851851852
4 0.19947916666666668 0.5731481481481482 0.109375 0.17962962962962964
4 0.4895833333333333 0.6583333333333333 0.06875 0.12777777777777777
5 0.6083333333333333 0.9416666666666667 0.06041666666666667 0.11296296296296296