4 0.32395833333333335 0.6611111111111111 0.09583333333333334 0.11851851851851852
4 0.33958333333333335 0.44537037037037036 0.10625 0.1574074074074074
4 0.48802083333333335 0.6564814814814814 0.09479166666666666 0.1388888888888889
4 0.18177083333333333 0.6944444444444444 0.109375 0.1259259259259259
4 0.41822916666666665 0.7462962962962963 0.06145833333333333 0.07407407407407407
4 0.28072916666666664 0.6935185185185185 0.090625 0.1388888888888889
4 0.14895833333333333 0.7712962962962963 0.11666666666666667 0.14629629629629629
4 0.2869791666666667 0.7953703703703704 0.13020833333333334 0.19814814814814816
4 0.35104166666666664 0.6990740740740741 0.058333333333333334 0.07222222222222222
4 0.21041666666666667 0.8314814814814815 0.1 0.2037037037037037
4 0.24427083333333333 0.562037037037037 0.10520833333333333 0.10185185185185185
4 0.27447916666666666 0.9064814814814814 0.103125 0.13518518518518519
4 0.403125 0.5916666666666667 0.10833333333333334 0.1648148148148148
4 0.41302083333333334 0.9111111111111111 0.090625 0.0962962962962963
4 0.42239583333333336 0.9601851851851851 0.090625 0.07592592592592592
4 0.21666666666666667 0.537962962962963 0.11458333333333333 0.19074074074074074
4 0.47291666666666665 0.5916666666666667 0.06875 0.1648148148148148
5 0.6083333333333333 0.9416666666666667 0.06041666666666667 0.11296296296296296