4 0.16614583333333333 0.6787037037037037 0.04479166666666667 0.15
4 0.14322916666666666 0.9157407407407407 0.04479166666666667 0.07962962962962963
4 0.15208333333333332 0.7861111111111111 0.125 0.1537037037037037
4 0.19114583333333332 0.8342592592592593 0.06979166666666667 0.23148148148148148
4 0.28125 0.8814814814814815 0.08333333333333333 0.1
4 0.3533854166666667 0.9384259259259259 0.12552083333333333 0.12129629629629629
4 0.018229166666666668 0.7518518518518519 0.036458333333333336 0.14814814814814814
4 0.2 0.9675925925925926 0.07708333333333334 0.06111111111111111
4 0.284375 0.7092592592592593 0.07291666666666667 0.14444444444444443
4 0.3098958333333333 0.5981481481481481 0.10729166666666666 0.23333333333333334
5 0.6083333333333333 0.9416666666666667 0.06041666666666667 0.11296296296296296