4 0.21614583333333334 0.5546296296296296 0.057291666666666664 0.04259259259259259
4 0.16822916666666668 0.7787037037037037 0.05520833333333333 0.07222222222222222
4 0.15833333333333333 0.6814814814814815 0.03958333333333333 0.03333333333333333
4 0.21197916666666666 0.7518518518518519 0.07604166666666666 0.05925925925925926
4 0.19010416666666666 0.6157407407407407 0.07395833333333333 0.053703703703703705
4 0.16614583333333333 0.7972222222222223 0.04895833333333333 0.03518518518518519
4 0.3255208333333333 0.7657407407407407 0.07395833333333333 0.05
4 0.25885416666666666 0.8444444444444444 0.04479166666666667 0.03333333333333333
5 0.6041666666666666 0.9527777777777777 0.08333333333333333 0.09074074074074075
4 0.3359375 0.4537037037037037 0.071875 0.06666666666666667
4 0.23541666666666666 0.47962962962962963 0.06666666666666667 0.044444444444444446
4 0.24583333333333332 0.687962962962963 0.075 0.05740740740740741
4 0.3125 0.5046296296296297 0.07708333333333334 0.053703703703703705
4 0.2796875 0.8462962962962963 0.057291666666666664 0.040740740740740744
4 0.20729166666666668 0.7694444444444445 0.06458333333333334 0.04259259259259259
4 0.3645833333333333 0.5777777777777777 0.07708333333333334 0.08148148148148149
4 0.25729166666666664 0.7712962962962963 0.04583333333333333 0.03518518518518519
4 0.26510416666666664 0.6425925925925926 0.051041666666666666 0.05185185185185185
4 0.20677083333333332 0.6981481481481482 0.042708333333333334 0.02962962962962963