4 0.26979166666666665 0.31851851851851853 0.058333333333333334 0.037037037037037035
4 0.2546875 0.4388888888888889 0.059375 0.07037037037037037
4 0.26510416666666664 0.39444444444444443 0.03854166666666667 0.044444444444444446
4 0.30520833333333336 0.5268518518518519 0.05 0.05
4 0.30416666666666664 0.5740740740740741 0.0625 0.07037037037037037
4 0.315625 0.3351851851851852 0.07291666666666667 0.08518518518518518
4 0.24583333333333332 0.5777777777777777 0.05 0.06666666666666667
4 0.3885416666666667 0.5527777777777778 0.05 0.06851851851851852
4 0.3671875 0.6398148148148148 0.057291666666666664 0.05
5 0.6041666666666666 0.9527777777777777 0.08333333333333333 0.09074074074074075
4 0.45677083333333335 0.25833333333333336 0.078125 0.03888888888888889
4 0.37552083333333336 0.14351851851851852 0.06354166666666666 0.05
4 0.365625 0.4777777777777778 0.07291666666666667 0.06296296296296296
4 0.440625 0.31666666666666665 0.07083333333333333 0.02962962962962963
4 0.44947916666666665 0.5657407407407408 0.06145833333333333 0.046296296296296294
4 0.29791666666666666 0.6435185185185185 0.058333333333333334 0.053703703703703705
4 0.45677083333333335 0.4287037037037037 0.06979166666666667 0.06481481481481481
4 0.3229166666666667 0.5981481481481481 0.03125 0.025925925925925925
4 0.33697916666666666 0.4361111111111111 0.065625 0.05