4 0.3182291666666667 0.6314814814814815 0.08229166666666667 0.13703703703703704
4 0.48489583333333336 0.8055555555555556 0.08020833333333334 0.10740740740740741
4 0.2635416666666667 0.7481481481481481 0.10416666666666667 0.12962962962962962
4 0.2078125 0.8416666666666667 0.06979166666666667 0.14629629629629629
4 0.278125 0.8037037037037037 0.14791666666666667 0.17407407407407408
4 0.38385416666666666 0.6694444444444444 0.103125 0.10925925925925926
4 0.2513020833333333 0.9449074074074074 0.08385416666666666 0.10833333333333334
4 0.23645833333333333 0.6314814814814815 0.11041666666666666 0.1259259259259259
4 0.3424479166666667 0.9486111111111111 0.0890625 0.10092592592592593
4 0.22552083333333334 0.8527777777777777 0.03854166666666667 0.07222222222222222
4 0.33958333333333335 0.8805555555555555 0.0875 0.12037037037037036
4 0.4322916666666667 0.7166666666666667 0.10416666666666667 0.15925925925925927
4 0.44088541666666664 0.9671296296296297 0.06510416666666667 0.06388888888888888
4 0.45625 0.9333333333333333 0.08541666666666667 0.10740740740740741
4 0.22916666666666666 0.6777777777777778 0.08958333333333333 0.18518518518518517
5 0.6083333333333333 0.9416666666666667 0.06041666666666667 0.11296296296296296