4 0.20260416666666667 0.5916666666666667 0.057291666666666664 0.04259259259259259
4 0.17447916666666666 0.6916666666666667 0.07395833333333333 0.053703703703703705
4 0.1640625 0.8101851851851852 0.04895833333333333 0.03518518518518519
4 0.31197916666666664 0.775 0.07395833333333333 0.05
4 0.21927083333333333 0.8851851851851852 0.04479166666666667 0.03333333333333333
5 0.6041666666666666 0.9527777777777777 0.08333333333333333 0.09074074074074075
4 0.3140625 0.5092592592592593 0.071875 0.08518518518518518
4 0.22604166666666667 0.5203703703703704 0.06666666666666667 0.044444444444444446
4 0.234375 0.7527777777777778 0.075 0.05740740740740741
4 0.3020833333333333 0.5601851851851852 0.05625 0.053703703703703705
4 0.2755208333333333 0.9037037037037037 0.046875 0.040740740740740744
4 0.20572916666666666 0.8472222222222222 0.06145833333333333 0.046296296296296294
4 0.3458333333333333 0.6148148148148148 0.06666666666666667 0.08148148148148149
4 0.26197916666666665 0.6907407407407408 0.051041666666666666 0.05185185185185185
4 0.1921875 0.7351851851851852 0.042708333333333334 0.02962962962962963