4 0.22161458333333334 0.9162037037037037 0.0703125 0.16574074074074074
4 0.05416666666666667 0.5268518518518519 0.05 0.23148148148148148
4 0.11145833333333334 0.8231481481481482 0.1 0.1574074074074074
4 0.07395833333333333 0.6657407407407407 0.07083333333333333 0.1685185185185185
4 0.022395833333333334 0.6805555555555556 0.040625 0.20185185185185187
4 0.03723958333333333 0.9439814814814815 0.07239583333333334 0.11018518518518519
4 0.23229166666666667 0.8175925925925925 0.10625 0.13148148148148148
4 0.11041666666666666 0.8722222222222222 0.07083333333333333 0.2074074074074074
4 0.16927083333333334 0.5648148148148148 0.071875 0.2222222222222222
4 0.1203125 0.5194444444444445 0.04895833333333333 0.2537037037037037
5 0.6083333333333333 0.9416666666666667 0.06041666666666667 0.11296296296296296