4 0.13645833333333332 0.6240740740740741 0.06875 0.025925925925925925
4 0.030729166666666665 0.7416666666666667 0.042708333333333334 0.03888888888888889
4 0.2390625 0.9824074074074074 0.06145833333333333 0.03148148148148148
5 0.609375 0.9527777777777777 0.08333333333333333 0.09074074074074075
4 0.23333333333333334 0.8277777777777777 0.08541666666666667 0.044444444444444446
4 0.11458333333333333 0.6157407407407407 0.06041666666666667 0.053703703703703705
4 0.17760416666666667 0.7074074074074074 0.06979166666666667 0.02962962962962963
4 0.04739583333333333 0.9101851851851852 0.06979166666666667 0.06111111111111111
4 0.1609375 0.8574074074074074 0.059375 0.02962962962962963
4 0.1046875 0.7777777777777778 0.07395833333333333 0.037037037037037035
4 0.05 0.8046296296296296 0.05416666666666667 0.05
4 0.2140625 0.8768518518518519 0.05520833333333333 0.03148148148148148
4 0.1171875 0.8148148148148148 0.057291666666666664 0.037037037037037035
4 0.08489583333333334 0.9361111111111111 0.026041666666666668 0.046296296296296294
4 0.13541666666666666 0.8870370370370371 0.06458333333333334 0.044444444444444446