4 0.22395833333333334 0.4740740740740741 0.04583333333333333 0.04814814814814815
4 0.1875 0.5555555555555556 0.0625 0.08888888888888889
4 0.225 0.5277777777777778 0.052083333333333336 0.05185185185185185
4 0.3328125 0.6527777777777778 0.05520833333333333 0.03148148148148148
4 0.28177083333333336 0.6537037037037037 0.04895833333333333 0.05555555555555555
4 0.23802083333333332 0.4740740740740741 0.06770833333333333 0.07777777777777778
4 0.221875 0.6666666666666666 0.052083333333333336 0.05185185185185185
4 0.39010416666666664 0.662962962962963 0.06770833333333333 0.06666666666666667
4 0.2828125 0.7944444444444444 0.05520833333333333 0.04814814814814815
5 0.6041666666666666 0.9527777777777777 0.08333333333333333 0.09074074074074075
4 0.4239583333333333 0.33240740740740743 0.06666666666666667 0.04259259259259259
4 0.2994791666666667 0.34074074074074073 0.06354166666666666 0.044444444444444446
4 0.321875 0.5944444444444444 0.07916666666666666 0.044444444444444446
4 0.34739583333333335 0.37222222222222223 0.071875 0.05555555555555555
4 0.3515625 0.7111111111111111 0.053125 0.06296296296296296
4 0.23802083333333332 0.7037037037037037 0.06145833333333333 0.05555555555555555
4 0.41458333333333336 0.47685185185185186 0.06666666666666667 0.06481481481481481
4 0.2869791666666667 0.7185185185185186 0.053125 0.040740740740740744
4 0.275 0.5981481481481481 0.05 0.02962962962962963
4 0.27291666666666664 0.6351851851851852 0.058333333333333334 0.03333333333333333