4 0.35052083333333334 0.6851851851851852 0.115625 0.08148148148148149
4 0.265625 0.5972222222222222 0.11458333333333333 0.13148148148148148
4 0.4005208333333333 0.49907407407407406 0.13854166666666667 0.1388888888888889
4 0.5395833333333333 0.7425925925925926 0.13125 0.0962962962962963
4 0.23229166666666667 0.7398148148148148 0.12916666666666668 0.10185185185185185
4 0.4395833333333333 0.7851851851851852 0.0875 0.07777777777777778
4 0.28802083333333334 0.7888888888888889 0.10729166666666666 0.10740740740740741
4 0.16197916666666667 0.8777777777777778 0.121875 0.1
4 0.4046875 0.8564814814814815 0.12604166666666666 0.1685185185185185
4 0.3140625 0.8685185185185185 0.10104166666666667 0.1037037037037037
4 0.20520833333333333 0.8935185185185185 0.15416666666666667 0.14629629629629629
4 0.24661458333333333 0.9708333333333333 0.09322916666666667 0.05648148148148148
4 0.43697916666666664 0.6944444444444444 0.121875 0.13703703703703704
4 0.42630208333333336 0.9680555555555556 0.044270833333333336 0.062037037037037036
4 0.21041666666666667 0.700925925925926 0.09791666666666667 0.1537037037037037
5 0.6083333333333333 0.9416666666666667 0.06041666666666667 0.11296296296296296