4 0.5317708333333333 0.27685185185185185 0.053125 0.03518518518518519
4 0.496875 0.35648148148148145 0.06666666666666667 0.03888888888888889
4 0.5005208333333333 0.4046296296296296 0.04895833333333333 0.03518518518518519
4 0.5354166666666667 0.4444444444444444 0.041666666666666664 0.025925925925925925
4 0.534375 0.4046296296296296 0.05 0.046296296296296294
4 0.5546875 0.30648148148148147 0.05520833333333333 0.03148148148148148
4 0.4984375 0.3685185185185185 0.05520833333333333 0.03333333333333333
4 0.5182291666666666 0.5148148148148148 0.04895833333333333 0.02962962962962963
4 0.5645833333333333 0.4101851851851852 0.05416666666666667 0.03888888888888889
4 0.5270833333333333 0.4166666666666667 0.035416666666666666 0.022222222222222223
5 0.6041666666666666 0.9527777777777777 0.08333333333333333 0.09074074074074075
4 0.6307291666666667 0.22962962962962963 0.04479166666666667 0.04814814814814815
4 0.5588541666666667 0.2222222222222222 0.036458333333333336 0.03333333333333333
4 0.590625 0.3453703703703704 0.041666666666666664 0.024074074074074074
4 0.6692708333333334 0.2814814814814815 0.04479166666666667 0.044444444444444446
4 0.6588541666666666 0.35 0.034375 0.02962962962962963
4 0.5546875 0.4666666666666667 0.04479166666666667 0.03333333333333333
4 0.5901041666666667 0.43703703703703706 0.019791666666666666 0.025925925925925925