4 0.35208333333333336 0.7287037037037037 0.11458333333333333 0.10925925925925926
4 0.3072916666666667 0.7018518518518518 0.13125 0.07777777777777778
4 0.43645833333333334 0.6425925925925926 0.14583333333333334 0.08518518518518518
4 0.578125 0.8166666666666667 0.14375 0.11481481481481481
4 0.2598958333333333 0.85 0.115625 0.07777777777777778
4 0.46197916666666666 0.8583333333333333 0.12395833333333334 0.05740740740740741
4 0.3 0.9027777777777778 0.08958333333333333 0.10185185185185185
4 0.19947916666666668 0.9453703703703704 0.11354166666666667 0.10555555555555556
4 0.49140625 0.9726851851851852 0.13072916666666667 0.05277777777777778
4 0.32447916666666665 0.9601851851851851 0.103125 0.05740740740740741
4 0.44479166666666664 0.9046296296296297 0.13333333333333333 0.07222222222222222
4 0.21302083333333333 0.7805555555555556 0.11354166666666667 0.11296296296296296
4 0.48489583333333336 0.7759259259259259 0.12395833333333334 0.1037037037037037
5 0.6083333333333333 0.9416666666666667 0.06041666666666667 0.11296296296296296