4 0.3421875 0.649074074074074 0.109375 0.09074074074074075
4 0.3390625 0.4722222222222222 0.128125 0.12962962962962962
4 0.5015625 0.6796296296296296 0.10729166666666666 0.13703703703703704
4 0.203125 0.6888888888888889 0.1 0.1
4 0.25885416666666666 0.7314814814814815 0.10520833333333333 0.12222222222222222
4 0.15625 0.7592592592592593 0.10416666666666667 0.13703703703703704
4 0.35833333333333334 0.8379629629629629 0.12083333333333333 0.17222222222222222
4 0.32864583333333336 0.7972222222222223 0.09479166666666666 0.07962962962962963
4 0.2015625 0.8592592592592593 0.121875 0.15185185185185185
4 0.25078125 0.9282407407407407 0.1078125 0.14166666666666666
4 0.24791666666666667 0.8175925925925925 0.0875 0.13518518518518519
4 0.4427083333333333 0.6046296296296296 0.13125 0.15
4 0.40625 0.9657407407407408 0.06666666666666667 0.05740740740740741
4 0.21875 0.6166666666666667 0.125 0.13333333333333333
4 0.44583333333333336 0.562962962962963 0.1125 0.14074074074074075
5 0.6083333333333333 0.9416666666666667 0.06041666666666667 0.11296296296296296