5 0.45260416666666664 0.9333333333333333 0.07395833333333333 0.10740740740740741
0 0.6411458333333333 0.8037037037037037 0.04479166666666667 0.05555555555555555
4 0.0125 0.7194444444444444 0.025 0.016666666666666666
4 0.017708333333333333 0.8083333333333333 0.035416666666666666 0.024074074074074074
4 0.0265625 0.7203703703703703 0.053125 0.04814814814814815
4 0.027083333333333334 0.6166666666666667 0.05416666666666667 0.025925925925925925
4 0.034895833333333334 0.8787037037037037 0.06770833333333333 0.027777777777777776
4 0.06510416666666667 0.9685185185185186 0.08229166666666667 0.044444444444444446
4 0.03333333333333333 0.5944444444444444 0.06666666666666667 0.025925925925925925
4 0.0703125 0.7870370370370371 0.07604166666666666 0.05185185185185185
4 0.013541666666666667 0.44074074074074077 0.027083333333333334 0.06666666666666667