4 0.3151041666666667 0.6435185185185185 0.09479166666666666 0.1388888888888889
4 0.31875 0.4324074074074074 0.1 0.1685185185185185
4 0.48802083333333335 0.6453703703703704 0.09479166666666666 0.1388888888888889
4 0.19583333333333333 0.6685185185185185 0.11458333333333333 0.1259259259259259
4 0.42083333333333334 0.7407407407407407 0.06458333333333334 0.07777777777777778
4 0.2708333333333333 0.674074074074074 0.08125 0.1814814814814815
4 0.16145833333333334 0.7592592592592593 0.11875 0.15185185185185185
4 0.30416666666666664 0.8027777777777778 0.1375 0.16111111111111112
4 0.340625 0.7064814814814815 0.09791666666666667 0.10925925925925926
4 0.20885416666666667 0.8268518518518518 0.11979166666666667 0.17962962962962964
4 0.2484375 0.5527777777777778 0.103125 0.10555555555555556
4 0.25885416666666666 0.9166666666666666 0.10520833333333333 0.13333333333333333
4 0.23541666666666666 0.8425925925925926 0.05625 0.09259259259259259
4 0.3958333333333333 0.5842592592592593 0.11458333333333333 0.1685185185185185
4 0.41041666666666665 0.9277777777777778 0.08333333333333333 0.1037037037037037
4 0.41796875 0.9560185185185185 0.0734375 0.08611111111111111
4 0.21770833333333334 0.5064814814814815 0.11041666666666666 0.17962962962962964
4 0.4630208333333333 0.5694444444444444 0.07604166666666666 0.1537037037037037
5 0.6083333333333333 0.9416666666666667 0.06041666666666667 0.11296296296296296