4 0.153125 0.6944444444444444 0.07708333333333334 0.040740740740740744
4 0.08125 0.7574074074074074 0.052083333333333336 0.07777777777777778
4 0.25052083333333336 0.9824074074074074 0.057291666666666664 0.03148148148148148
5 0.609375 0.9527777777777777 0.08333333333333333 0.09074074074074075
4 0.27395833333333336 0.8055555555555556 0.08958333333333333 0.037037037037037035
4 0.14375 0.6222222222222222 0.06041666666666667 0.044444444444444446
4 0.2078125 0.7444444444444445 0.06979166666666667 0.03333333333333333
4 0.08072916666666667 0.9425925925925925 0.06979166666666667 0.05925925925925926
4 0.1921875 0.8462962962962963 0.059375 0.03333333333333333
4 0.121875 0.7824074074074074 0.07083333333333333 0.03148148148148148
4 0.09270833333333334 0.825925925925926 0.052083333333333336 0.03333333333333333
4 0.24791666666666667 0.8824074074074074 0.052083333333333336 0.03148148148148148