4 0.13125 0.5685185185185185 0.06875 0.03333333333333333
4 0.21145833333333333 0.9685185185185186 0.05625 0.03333333333333333
5 0.609375 0.9527777777777777 0.08333333333333333 0.09074074074074075
4 0.20208333333333334 0.8175925925925925 0.0875 0.05
4 0.103125 0.6 0.06041666666666667 0.040740740740740744
4 0.1640625 0.6703703703703704 0.078125 0.037037037037037035
4 0.029166666666666667 0.8787037037037037 0.058333333333333334 0.05
4 0.08854166666666667 0.7518518518518519 0.07083333333333333 0.040740740740740744
4 0.019791666666666666 0.7907407407407407 0.035416666666666666 0.05555555555555555
4 0.19322916666666667 0.8546296296296296 0.06145833333333333 0.03148148148148148
4 0.11458333333333333 0.7851851851851852 0.058333333333333334 0.040740740740740744
4 0.08489583333333334 0.9027777777777778 0.036458333333333336 0.06481481481481481
4 0.1203125 0.8324074074074074 0.06770833333333333 0.046296296296296294