5 0.4515625 0.9351851851851852 0.07395833333333333 0.10740740740740741
0 0.6364583333333333 0.8287037037037037 0.03958333333333333 0.053703703703703705
4 0.096875 0.774074074074074 0.06458333333333334 0.03333333333333333
4 0.06666666666666667 0.8657407407407407 0.06458333333333334 0.05
4 0.036458333333333336 0.8018518518518518 0.041666666666666664 0.04814814814814815
4 0.025520833333333333 0.8055555555555556 0.036458333333333336 0.05185185185185185
4 0.018229166666666668 0.8462962962962963 0.036458333333333336 0.05555555555555555
4 0.0140625 0.9148148148148149 0.028125 0.025925925925925925
4 0.039322916666666666 0.9828703703703704 0.0328125 0.032407407407407406
4 0.013020833333333334 0.9351851851851852 0.026041666666666668 0.02962962962962963
4 0.014583333333333334 0.8814814814814815 0.027083333333333334 0.025925925925925925