4 0.33489583333333334 0.525 0.096875 0.14629629629629629
4 0.4859375 0.7638888888888888 0.078125 0.12777777777777777
4 0.23072916666666668 0.7342592592592593 0.09895833333333333 0.09444444444444444
4 0.4432291666666667 0.774074074074074 0.06145833333333333 0.1
4 0.29635416666666664 0.7648148148148148 0.09895833333333333 0.14074074074074075
4 0.17239583333333333 0.8240740740740741 0.07604166666666666 0.14074074074074075
4 0.28854166666666664 0.825925925925926 0.14583333333333334 0.18518518518518517
4 0.3697916666666667 0.6972222222222222 0.07916666666666666 0.09074074074074075
4 0.23359375 0.9449074074074074 0.07552083333333333 0.10833333333333334
4 0.23489583333333333 0.6046296296296296 0.057291666666666664 0.09814814814814815
4 0.3145833333333333 0.924074074074074 0.08958333333333333 0.14444444444444443
4 0.3333333333333333 0.8574074074074074 0.08333333333333333 0.12222222222222222
4 0.42864583333333334 0.6768518518518518 0.103125 0.1537037037037037
4 0.43854166666666666 0.9157407407407407 0.0875 0.12777777777777777
4 0.20364583333333333 0.600925925925926 0.090625 0.18703703703703703
4 0.49270833333333336 0.712037037037037 0.05625 0.11666666666666667
5 0.6083333333333333 0.9416666666666667 0.06041666666666667 0.11296296296296296