5 0.471875 0.8925925925925926 0.04583333333333333 0.08518518518518518
4 0.7578125 0.7074074074074074 0.06770833333333333 0.05925925925925926
4 0.6708333333333333 0.7361111111111112 0.0625 0.10185185185185185
4 0.5755208333333334 0.9166666666666666 0.08645833333333333 0.16296296296296298
4 0.7098958333333333 0.9055555555555556 0.078125 0.11481481481481481
4 0.8010416666666667 0.9231481481481482 0.027083333333333334 0.09814814814814815
4 0.8359375 0.8777777777777778 0.026041666666666668 0.0962962962962963
4 0.5888020833333333 0.9745370370370371 0.05677083333333333 0.049074074074074076
4 0.55234375 0.9532407407407407 0.019270833333333334 0.09166666666666666
4 0.7583333333333333 0.8287037037037037 0.08125 0.06851851851851852
4 0.8291666666666667 0.7527777777777778 0.07291666666666667 0.06851851851851852