5 0.4515625 0.9351851851851852 0.07395833333333333 0.10740740740740741
0 0.640625 0.8268518518518518 0.03958333333333333 0.05
4 0.10416666666666667 0.7796296296296297 0.05625 0.037037037037037035
4 0.09270833333333334 0.8564814814814815 0.06666666666666667 0.04259259259259259
4 0.06145833333333333 0.7759259259259259 0.058333333333333334 0.040740740740740744
4 0.0453125 0.8287037037037037 0.036458333333333336 0.027777777777777776
4 0.029166666666666667 0.7851851851851852 0.058333333333333334 0.06666666666666667
4 0.05390625 0.9800925925925926 0.0390625 0.03796296296296296
4 0.021354166666666667 0.9120370370370371 0.042708333333333334 0.03148148148148148
4 0.013020833333333334 0.9351851851851852 0.026041666666666668 0.02962962962962963
4 0.011458333333333333 0.8731481481481481 0.020833333333333332 0.024074074074074074