4 0.5255208333333333 0.28425925925925927 0.053125 0.03888888888888889
4 0.49635416666666665 0.3527777777777778 0.071875 0.03518518518518519
4 0.4921875 0.41388888888888886 0.04895833333333333 0.03888888888888889
4 0.5307291666666667 0.45 0.040625 0.025925925925925925
4 0.5333333333333333 0.41944444444444445 0.05 0.046296296296296294
4 0.546875 0.3074074074074074 0.06666666666666667 0.03333333333333333
4 0.5 0.3685185185185185 0.06041666666666667 0.037037037037037035
4 0.509375 0.5259259259259259 0.052083333333333336 0.02962962962962963
4 0.5630208333333333 0.4148148148148148 0.05520833333333333 0.037037037037037035
4 0.5239583333333333 0.42592592592592593 0.035416666666666666 0.022222222222222223
5 0.6041666666666666 0.9527777777777777 0.08333333333333333 0.09074074074074075
4 0.6307291666666667 0.23148148148148148 0.04479166666666667 0.04814814814814815
4 0.5557291666666667 0.23055555555555557 0.03854166666666667 0.03518518518518519
4 0.5890625 0.35185185185185186 0.042708333333333334 0.025925925925925925
4 0.6692708333333334 0.2814814814814815 0.04479166666666667 0.044444444444444446
4 0.6567708333333333 0.34814814814814815 0.034375 0.02962962962962963
4 0.5552083333333333 0.4666666666666667 0.04791666666666667 0.03333333333333333
4 0.5901041666666667 0.43703703703703706 0.019791666666666666 0.025925925925925925
4 0.584375 0.4601851851851852 0.020833333333333332 0.020370370370370372