5 0.45260416666666664 0.9333333333333333 0.07395833333333333 0.10740740740740741
0 0.6473958333333333 0.8055555555555556 0.04479166666666667 0.05555555555555555
4 0.014583333333333334 0.7324074074074074 0.029166666666666667 0.024074074074074074
4 0.04583333333333333 0.7722222222222223 0.0625 0.02962962962962963
4 0.020833333333333332 0.7046296296296296 0.041666666666666664 0.027777777777777776
4 0.059895833333333336 0.5722222222222222 0.07395833333333333 0.04814814814814815
4 0.022395833333333334 0.8083333333333333 0.04479166666666667 0.03148148148148148
4 0.0265625 0.8685185185185185 0.053125 0.037037037037037035
4 0.04895833333333333 0.5157407407407407 0.06458333333333334 0.04259259259259259
4 0.011458333333333333 0.7546296296296297 0.022916666666666665 0.020370370370370372
4 0.03854166666666667 0.36203703703703705 0.025 0.10555555555555556