4 0.15416666666666667 0.7074074074074074 0.07708333333333334 0.040740740740740744
4 0.08645833333333333 0.7453703703703703 0.052083333333333336 0.07222222222222222
4 0.121875 0.9148148148148149 0.06041666666666667 0.040740740740740744
4 0.25885416666666666 0.9805555555555555 0.057291666666666664 0.03148148148148148
5 0.609375 0.9527777777777777 0.08333333333333333 0.09074074074074075
4 0.278125 0.8018518518518518 0.08333333333333333 0.037037037037037035
4 0.14791666666666667 0.6203703703703703 0.06041666666666667 0.044444444444444446
4 0.21197916666666666 0.7481481481481481 0.06979166666666667 0.03333333333333333
4 0.0890625 0.9472222222222222 0.06979166666666667 0.053703703703703705
4 0.19635416666666666 0.8425925925925926 0.059375 0.03333333333333333
4 0.1265625 0.7824074074074074 0.078125 0.03148148148148148
4 0.10104166666666667 0.8203703703703704 0.05416666666666667 0.03333333333333333
4 0.253125 0.8824074074074074 0.04791666666666667 0.03148148148148148