4 0.3203125 0.25 0.051041666666666666 0.04814814814814815
4 0.3234375 0.3055555555555556 0.04895833333333333 0.06666666666666667
4 0.3390625 0.5055555555555555 0.065625 0.044444444444444446
4 0.3572916666666667 0.5537037037037037 0.06875 0.05185185185185185
4 0.37447916666666664 0.30092592592592593 0.07395833333333333 0.046296296296296294
4 0.296875 0.4212962962962963 0.06458333333333334 0.07222222222222222
4 0.3776041666666667 0.5694444444444444 0.051041666666666666 0.046296296296296294
4 0.43854166666666666 0.5722222222222222 0.05416666666666667 0.044444444444444446
5 0.6041666666666666 0.9527777777777777 0.08333333333333333 0.09074074074074075
4 0.5109375 0.26944444444444443 0.07395833333333333 0.03518518518518519
4 0.440625 0.18888888888888888 0.0625 0.02962962962962963
4 0.43072916666666666 0.4675925925925926 0.071875 0.05
4 0.534375 0.31296296296296294 0.07083333333333333 0.02962962962962963
4 0.49895833333333334 0.48148148148148145 0.05416666666666667 0.05925925925925926
4 0.3692708333333333 0.6055555555555555 0.07604166666666666 0.040740740740740744
4 0.4713541666666667 0.3990740740740741 0.06354166666666666 0.07962962962962963
4 0.40208333333333335 0.44814814814814813 0.05625 0.02962962962962963
4 0.41510416666666666 0.549074074074074 0.051041666666666666 0.03888888888888889
4 0.34010416666666665 0.587037037037037 0.030208333333333334 0.025925925925925925
4 0.3958333333333333 0.49722222222222223 0.06458333333333334 0.03148148148148148