4 0.5104166666666666 0.29444444444444445 0.05625 0.040740740740740744
4 0.475 0.3472222222222222 0.0625 0.03148148148148148
4 0.4796875 0.42962962962962964 0.046875 0.02962962962962963
4 0.5265625 0.43703703703703706 0.051041666666666666 0.044444444444444446
4 0.5317708333333333 0.29814814814814816 0.05520833333333333 0.02962962962962963
4 0.49114583333333334 0.37407407407407406 0.059375 0.037037037037037035
4 0.4942708333333333 0.5305555555555556 0.057291666666666664 0.027777777777777776
4 0.5510416666666667 0.4305555555555556 0.06041666666666667 0.04259259259259259
5 0.6041666666666666 0.9527777777777777 0.08333333333333333 0.09074074074074075
4 0.6359375 0.24166666666666667 0.04479166666666667 0.046296296296296294
4 0.5505208333333333 0.23796296296296296 0.04895833333333333 0.03148148148148148
4 0.5755208333333334 0.35462962962962963 0.040625 0.03518518518518519
4 0.6671875 0.29259259259259257 0.04479166666666667 0.044444444444444446
4 0.6526041666666667 0.3537037037037037 0.034375 0.02962962962962963
4 0.5473958333333333 0.4777777777777778 0.053125 0.040740740740740744
4 0.6109375 0.3398148148148148 0.028125 0.03518518518518519
4 0.5807291666666666 0.44166666666666665 0.030208333333333334 0.027777777777777776
4 0.5838541666666667 0.47685185185185186 0.028125 0.027777777777777776