4 0.1609375 0.7138888888888889 0.07395833333333333 0.03148148148148148
4 0.08854166666666667 0.7398148148148148 0.052083333333333336 0.07222222222222222
4 0.1359375 0.9166666666666666 0.06770833333333333 0.040740740740740744
4 0.27760416666666665 0.9712962962962963 0.057291666666666664 0.03148148148148148
5 0.609375 0.9527777777777777 0.08333333333333333 0.09074074074074075
4 0.27708333333333335 0.7972222222222223 0.08125 0.03888888888888889
4 0.16145833333333334 0.6203703703703703 0.06041666666666667 0.040740740740740744
4 0.21822916666666667 0.7462962962962963 0.06979166666666667 0.03333333333333333
4 0.10520833333333333 0.9564814814814815 0.06875 0.046296296296296294
4 0.20416666666666666 0.8361111111111111 0.058333333333333334 0.027777777777777776
4 0.1359375 0.7842592592592592 0.078125 0.027777777777777776
4 0.15729166666666666 0.9351851851851852 0.04791666666666667 0.025925925925925925
4 0.11875 0.8092592592592592 0.05416666666666667 0.03333333333333333