5 0.471875 0.8925925925925926 0.04583333333333333 0.08518518518518518
4 0.7505208333333333 0.7074074074074074 0.065625 0.1
4 0.6515625 0.7518518518518519 0.04479166666666667 0.09259259259259259
0 0.5526041666666667 0.9388888888888889 0.036458333333333336 0.06666666666666667
4 0.6052083333333333 0.8694444444444445 0.06041666666666667 0.1574074074074074
4 0.71875 0.8796296296296297 0.07291666666666667 0.11481481481481481
4 0.8072916666666666 0.8916666666666667 0.027083333333333334 0.09814814814814815
4 0.8333333333333334 0.862037037037037 0.025 0.07222222222222222
4 0.5841145833333333 0.9597222222222223 0.05364583333333333 0.0787037037037037
4 0.609375 0.8722222222222222 0.020833333333333332 0.1037037037037037
4 0.6994791666666667 0.8 0.08854166666666667 0.07407407407407407
4 0.7869791666666667 0.8046296296296296 0.04479166666666667 0.08703703703703704
4 0.6713541666666667 0.9564814814814815 0.065625 0.07962962962962963
4 0.8307291666666666 0.7240740740740741 0.06770833333333333 0.05925925925925926