4 0.3578125 0.7092592592592593 0.08020833333333334 0.0962962962962963
4 0.51875 0.8212962962962963 0.1 0.10925925925925926
4 0.2630208333333333 0.8935185185185185 0.08229166666666667 0.09074074074074075
4 0.2947916666666667 0.9074074074074074 0.11666666666666667 0.14074074074074075
4 0.43645833333333334 0.7333333333333333 0.07291666666666667 0.09259259259259259
4 0.29973958333333334 0.9717592592592592 0.07447916666666667 0.05462962962962963
4 0.2869791666666667 0.7407407407407407 0.08854166666666667 0.1111111111111111
4 0.38359375 0.9458333333333333 0.0859375 0.10648148148148148
4 0.4473958333333333 0.837037037037037 0.096875 0.14444444444444443
4 0.46848958333333335 0.9828703703703704 0.0515625 0.032407407407407406
4 0.34739583333333335 0.8277777777777777 0.06145833333333333 0.0962962962962963
4 0.5234375 0.9212962962962963 0.09479166666666666 0.10185185185185185
4 0.55625 0.8694444444444445 0.08541666666666667 0.08333333333333333
4 0.3109375 0.799074074074074 0.08854166666666667 0.13518518518518519
5 0.6083333333333333 0.9416666666666667 0.06041666666666667 0.11296296296296296