4 0.378125 0.28703703703703703 0.07708333333333334 0.040740740740740744
4 0.3723958333333333 0.2953703703703704 0.06354166666666666 0.03148148148148148
4 0.36354166666666665 0.44537037037037036 0.06041666666666667 0.03148148148148148
4 0.3927083333333333 0.48055555555555557 0.06458333333333334 0.03888888888888889
4 0.38385416666666666 0.5222222222222223 0.051041666666666666 0.05185185185185185
4 0.4234375 0.3111111111111111 0.06979166666666667 0.037037037037037035
4 0.353125 0.3990740740740741 0.07083333333333333 0.05
4 0.3875 0.5398148148148149 0.0375 0.04259259259259259
4 0.48541666666666666 0.5157407407407407 0.06458333333333334 0.03148148148148148
5 0.6041666666666666 0.9527777777777777 0.08333333333333333 0.09074074074074075
4 0.5703125 0.2712962962962963 0.07395833333333333 0.03148148148148148
4 0.46197916666666666 0.4287037037037037 0.06145833333333333 0.03518518518518519
4 0.5817708333333333 0.31574074074074077 0.065625 0.03148148148148148
4 0.5322916666666667 0.45185185185185184 0.058333333333333334 0.037037037037037035
4 0.4083333333333333 0.5722222222222222 0.06458333333333334 0.04814814814814815
4 0.5265625 0.3425925925925926 0.057291666666666664 0.05185185185185185
4 0.43333333333333335 0.4351851851851852 0.04583333333333333 0.03333333333333333
4 0.4640625 0.48703703703703705 0.05520833333333333 0.04814814814814815
4 0.4421875 0.4666666666666667 0.059375 0.040740740740740744