4 0.33958333333333335 0.5046296296296297 0.09791666666666667 0.1425925925925926
4 0.4979166666666667 0.725 0.09791666666666667 0.15
4 0.22135416666666666 0.7287037037037037 0.096875 0.10185185185185185
4 0.4348958333333333 0.7666666666666667 0.06145833333333333 0.1
4 0.2921875 0.7472222222222222 0.09895833333333333 0.15
4 0.16458333333333333 0.8203703703703704 0.07708333333333334 0.13703703703703704
4 0.29375 0.8351851851851851 0.13333333333333333 0.18888888888888888
4 0.359375 0.7083333333333334 0.07916666666666666 0.09074074074074075
4 0.22734375 0.9273148148148148 0.07552083333333333 0.14351851851851852
4 0.22864583333333333 0.5925925925925926 0.11145833333333334 0.15185185185185185
4 0.31354166666666666 0.9194444444444444 0.09583333333333334 0.1388888888888889
4 0.3296875 0.8592592592592593 0.08645833333333333 0.1111111111111111
4 0.4317708333333333 0.6546296296296297 0.103125 0.1537037037037037
4 0.43333333333333335 0.9064814814814814 0.0875 0.12777777777777777
4 0.20208333333333334 0.5824074074074074 0.10208333333333333 0.19074074074074074
4 0.4901041666666667 0.6787037037037037 0.06145833333333333 0.1425925925925926
5 0.6083333333333333 0.9416666666666667 0.06041666666666667 0.11296296296296296