4 0.3255208333333333 0.6240740740740741 0.09895833333333333 0.11851851851851852
4 0.31197916666666664 0.43703703703703706 0.09479166666666666 0.16296296296296298
4 0.4890625 0.6675925925925926 0.09895833333333333 0.11666666666666667
4 0.19166666666666668 0.6759259259259259 0.11458333333333333 0.11481481481481481
4 0.425 0.7407407407407407 0.0625 0.07407407407407407
4 0.265625 0.6703703703703704 0.08541666666666667 0.18888888888888888
4 0.16666666666666666 0.7416666666666667 0.10416666666666667 0.14629629629629629
4 0.31302083333333336 0.812037037037037 0.134375 0.17592592592592593
4 0.33697916666666666 0.7185185185185186 0.09479166666666666 0.10740740740740741
4 0.21197916666666666 0.837037037037037 0.115625 0.17407407407407408
4 0.24010416666666667 0.5574074074074075 0.090625 0.10740740740740741
4 0.2421875 0.9435185185185185 0.08229166666666667 0.09074074074074075
4 0.2526041666666667 0.8351851851851851 0.090625 0.10740740740740741
4 0.4119791666666667 0.575 0.121875 0.1425925925925926
4 0.40520833333333334 0.937037037037037 0.08333333333333333 0.1037037037037037
4 0.4158854166666667 0.9643518518518519 0.07760416666666667 0.06944444444444445
4 0.2140625 0.5009259259259259 0.11145833333333334 0.18333333333333332
4 0.465625 0.5611111111111111 0.08541666666666667 0.13333333333333333
5 0.6083333333333333 0.9416666666666667 0.06041666666666667 0.11296296296296296