4 0.5463541666666667 0.2351851851851852 0.051041666666666666 0.05555555555555555
4 0.5223958333333333 0.337037037037037 0.053125 0.04814814814814815
4 0.5223958333333333 0.38333333333333336 0.034375 0.037037037037037035
4 0.5458333333333333 0.43148148148148147 0.04583333333333333 0.02962962962962963
4 0.5666666666666667 0.36666666666666664 0.04375 0.044444444444444446
4 0.5635416666666667 0.2962962962962963 0.03958333333333333 0.03333333333333333
4 0.5317708333333333 0.34629629629629627 0.046875 0.025925925925925925
4 0.546875 0.4861111111111111 0.04791666666666667 0.03148148148148148
4 0.5822916666666667 0.4009259259259259 0.0375 0.027777777777777776
4 0.5921875 0.4722222222222222 0.04479166666666667 0.025925925925925925
4 0.5729166666666666 0.40925925925925927 0.035416666666666666 0.022222222222222223
5 0.6041666666666666 0.9527777777777777 0.08333333333333333 0.09074074074074075
4 0.6333333333333333 0.225 0.03333333333333333 0.03148148148148148
4 0.6239583333333333 0.3277777777777778 0.0375 0.037037037037037035
4 0.6723958333333333 0.28703703703703703 0.042708333333333334 0.037037037037037035
4 0.6901041666666666 0.37222222222222223 0.028125 0.025925925925925925