5 0.45260416666666664 0.9333333333333333 0.07395833333333333 0.10740740740740741
0 0.6411458333333333 0.8018518518518518 0.04479166666666667 0.05555555555555555
4 0.011979166666666667 0.7222222222222222 0.023958333333333335 0.018518518518518517
4 0.017708333333333333 0.8111111111111111 0.035416666666666666 0.022222222222222223
4 0.029166666666666667 0.7166666666666667 0.05625 0.05555555555555555
4 0.027604166666666666 0.6240740740740741 0.05520833333333333 0.03333333333333333
4 0.0359375 0.8787037037037037 0.06770833333333333 0.03148148148148148
4 0.06614583333333333 0.9666666666666667 0.08229166666666667 0.044444444444444446
4 0.036458333333333336 0.6037037037037037 0.06458333333333334 0.02962962962962963
4 0.07760416666666667 0.7962962962962963 0.07604166666666666 0.05185185185185185
4 0.0109375 0.45092592592592595 0.021875 0.06481481481481481