4 0.25052083333333336 0.39814814814814814 0.057291666666666664 0.06296296296296296
4 0.20625 0.5194444444444445 0.0625 0.053703703703703705
4 0.25 0.48703703703703705 0.04375 0.04814814814814815
4 0.33541666666666664 0.6277777777777778 0.0375 0.02962962962962963
4 0.2703125 0.6481481481481481 0.07604166666666666 0.05925925925925926
4 0.2713541666666667 0.44537037037037036 0.071875 0.053703703703703705
4 0.24114583333333334 0.6361111111111111 0.05520833333333333 0.05740740740740741
4 0.4192708333333333 0.5601851851851852 0.057291666666666664 0.07592592592592592
4 0.31666666666666665 0.7620370370370371 0.04583333333333333 0.03518518518518519
5 0.6041666666666666 0.9527777777777777 0.08333333333333333 0.09074074074074075
4 0.44479166666666664 0.25092592592592594 0.075 0.07222222222222222
4 0.3229166666666667 0.2574074074074074 0.04791666666666667 0.04814814814814815
4 0.34427083333333336 0.5416666666666666 0.08020833333333334 0.05
4 0.40729166666666666 0.3175925925925926 0.07083333333333333 0.046296296296296294
4 0.42291666666666666 0.5898148148148148 0.06666666666666667 0.07592592592592592
4 0.2526041666666667 0.6787037037037037 0.04895833333333333 0.046296296296296294
4 0.44895833333333335 0.4222222222222222 0.06875 0.07777777777777778
4 0.30885416666666665 0.6898148148148148 0.040625 0.03888888888888889
4 0.28802083333333334 0.5555555555555556 0.042708333333333334 0.04814814814814815