4 0.34739583333333335 0.7175925925925926 0.11354166666666667 0.10185185185185185
4 0.27395833333333336 0.6 0.1125 0.1259259259259259
4 0.41354166666666664 0.55 0.15 0.1
4 0.5598958333333334 0.775 0.134375 0.10925925925925926
4 0.24322916666666666 0.7601851851851852 0.12604166666666666 0.10555555555555556
4 0.43697916666666664 0.8092592592592592 0.09895833333333333 0.07777777777777778
4 0.2916666666666667 0.8203703703703704 0.09166666666666666 0.11481481481481481
4 0.18229166666666666 0.9092592592592592 0.12291666666666666 0.1
4 0.42604166666666665 0.8981481481481481 0.13541666666666666 0.15555555555555556
4 0.3072916666666667 0.9037037037037037 0.09375 0.1
4 0.18776041666666668 0.9328703703703703 0.14635416666666667 0.13240740740740742
4 0.41875 0.7805555555555556 0.10833333333333334 0.11296296296296296
4 0.20364583333333333 0.7138888888888889 0.08854166666666667 0.16111111111111112
4 0.46927083333333336 0.7194444444444444 0.13645833333333332 0.09074074074074075
5 0.6083333333333333 0.9416666666666667 0.06041666666666667 0.11296296296296296