4 0.3375 0.6666666666666666 0.08541666666666667 0.14074074074074075
4 0.5109375 0.7944444444444444 0.09895833333333333 0.1111111111111111
4 0.2515625 0.8462962962962963 0.10104166666666667 0.1814814814814815
4 0.3953125 0.674074074074074 0.08645833333333333 0.1259259259259259
4 0.2799479166666667 0.9662037037037037 0.0765625 0.06574074074074074
4 0.24895833333333334 0.6907407407407408 0.09583333333333334 0.14444444444444443
4 0.36015625 0.9532407407407407 0.09114583333333333 0.09166666666666666
4 0.36770833333333336 0.9138888888888889 0.08125 0.10925925925925926
4 0.4395833333333333 0.7583333333333333 0.10208333333333333 0.16111111111111112
4 0.32708333333333334 0.8009259259259259 0.07291666666666667 0.12407407407407407
4 0.4953125 0.937962962962963 0.08645833333333333 0.10925925925925926
4 0.5458333333333333 0.8398148148148148 0.07916666666666666 0.10555555555555556
4 0.27395833333333336 0.7138888888888889 0.07916666666666666 0.18333333333333332
5 0.6083333333333333 0.9416666666666667 0.06041666666666667 0.11296296296296296