4 0.21770833333333334 0.5462962962962963 0.05625 0.044444444444444446
4 0.1828125 0.7138888888888889 0.05520833333333333 0.07222222222222222
4 0.16875 0.6481481481481481 0.03958333333333333 0.03333333333333333
4 0.22447916666666667 0.7194444444444444 0.07604166666666666 0.053703703703703705
4 0.20677083333333332 0.575 0.07395833333333333 0.053703703703703705
4 0.17083333333333334 0.7703703703703704 0.04791666666666667 0.03333333333333333
4 0.3453125 0.7481481481481481 0.07395833333333333 0.04814814814814815
4 0.26197916666666665 0.8148148148148148 0.04479166666666667 0.03333333333333333
5 0.6041666666666666 0.9527777777777777 0.08333333333333333 0.09074074074074075
4 0.3567708333333333 0.42685185185185187 0.071875 0.05
4 0.23958333333333334 0.43703703703703706 0.06666666666666667 0.044444444444444446
4 0.26666666666666666 0.6416666666666667 0.075 0.053703703703703705
4 0.31145833333333334 0.47685185185185186 0.07708333333333334 0.053703703703703705
4 0.2859375 0.8231481481481482 0.057291666666666664 0.04259259259259259
4 0.21875 0.7287037037037037 0.06458333333333334 0.04259259259259259
4 0.3802083333333333 0.5666666666666667 0.07708333333333334 0.08148148148148149
4 0.265625 0.7509259259259259 0.04583333333333333 0.03518518518518519
4 0.26197916666666665 0.6148148148148148 0.051041666666666666 0.05185185185185185
4 0.22135416666666666 0.662962962962963 0.042708333333333334 0.02962962962962963