4 0.3515625 0.45555555555555555 0.11354166666666667 0.14074074074074075
4 0.49166666666666664 0.6935185185185185 0.08541666666666667 0.15
4 0.19114583333333332 0.7101851851851851 0.103125 0.12777777777777777
4 0.42135416666666664 0.7509259259259259 0.07395833333333333 0.09814814814814815
4 0.2838541666666667 0.7185185185185186 0.09479166666666666 0.14074074074074075
4 0.14583333333333334 0.7916666666666666 0.10625 0.14629629629629629
4 0.28229166666666666 0.825 0.10833333333333334 0.2388888888888889
4 0.34270833333333334 0.7055555555555556 0.075 0.08888888888888889
4 0.22239583333333332 0.8740740740740741 0.096875 0.18888888888888888
4 0.23854166666666668 0.562962962962963 0.11666666666666667 0.11851851851851852
4 0.29270833333333335 0.9111111111111111 0.10416666666666667 0.14074074074074075
4 0.41354166666666664 0.5888888888888889 0.09583333333333334 0.18518518518518517
4 0.39427083333333335 0.9277777777777778 0.08229166666666667 0.10740740740740741
4 0.41458333333333336 0.9462962962962963 0.09583333333333334 0.08518518518518518
4 0.19895833333333332 0.5666666666666667 0.11666666666666667 0.16296296296296298
4 0.4869791666666667 0.6361111111111111 0.06354166666666666 0.1425925925925926
5 0.6083333333333333 0.9416666666666667 0.06041666666666667 0.11296296296296296