4 0.32395833333333335 0.5703703703703704 0.09791666666666667 0.15555555555555556
4 0.48385416666666664 0.7833333333333333 0.07604166666666666 0.10740740740740741
4 0.23854166666666668 0.737037037037037 0.09583333333333334 0.11481481481481481
4 0.1875 0.8351851851851851 0.075 0.13703703703703704
4 0.29270833333333335 0.8074074074074075 0.15 0.1814814814814815
4 0.3776041666666667 0.687037037037037 0.08229166666666667 0.08518518518518518
4 0.24505208333333334 0.9439814814814815 0.0921875 0.11018518518518519
4 0.2520833333333333 0.6046296296296296 0.06666666666666667 0.09444444444444444
4 0.32317708333333334 0.9375 0.0796875 0.12314814814814815
4 0.2390625 0.8583333333333333 0.03854166666666667 0.07222222222222222
4 0.33177083333333335 0.875 0.08020833333333334 0.12407407407407407
4 0.43333333333333335 0.6962962962962963 0.10208333333333333 0.15185185185185185
4 0.44947916666666665 0.9203703703703704 0.090625 0.1037037037037037
4 0.21041666666666667 0.625 0.08333333333333333 0.18703703703703703
4 0.5026041666666666 0.7361111111111112 0.04895833333333333 0.09814814814814815
5 0.6083333333333333 0.9416666666666667 0.06041666666666667 0.11296296296296296