4 0.3229166666666667 0.6592592592592592 0.09583333333333334 0.11851851851851852
4 0.33489583333333334 0.43703703703703706 0.103125 0.15925925925925927
4 0.48802083333333335 0.6564814814814814 0.09479166666666666 0.1388888888888889
4 0.18333333333333332 0.6814814814814815 0.11041666666666666 0.13333333333333333
4 0.4192708333333333 0.7462962962962963 0.06145833333333333 0.07407407407407407
4 0.2796875 0.687037037037037 0.090625 0.15925925925925927
4 0.15260416666666668 0.7731481481481481 0.11770833333333333 0.14629629629629629
4 0.29583333333333334 0.7870370370370371 0.12916666666666668 0.17407407407407408
4 0.3421875 0.7 0.071875 0.07037037037037037
4 0.20416666666666666 0.8277777777777777 0.1 0.2037037037037037
4 0.24427083333333333 0.5555555555555556 0.10729166666666666 0.1037037037037037
4 0.26927083333333335 0.9138888888888889 0.103125 0.12777777777777777
4 0.23385416666666667 0.8490740740740741 0.03854166666666667 0.07222222222222222
4 0.4005208333333333 0.5944444444444444 0.11145833333333334 0.17037037037037037
4 0.4140625 0.9166666666666666 0.090625 0.0962962962962963
4 0.43046875 0.9569444444444445 0.07552083333333333 0.08425925925925926
4 0.22135416666666666 0.5259259259259259 0.11354166666666667 0.18888888888888888
4 0.4708333333333333 0.5861111111111111 0.07083333333333333 0.16111111111111112
5 0.6083333333333333 0.9416666666666667 0.06041666666666667 0.11296296296296296