4 0.3578125 0.6685185185185185 0.09895833333333333 0.13703703703703704
4 0.5197916666666667 0.8064814814814815 0.1 0.10555555555555556
4 0.26979166666666665 0.8685185185185185 0.10625 0.1814814814814815
4 0.40989583333333335 0.687037037037037 0.08020833333333334 0.11481481481481481
4 0.29140625 0.9791666666666666 0.06614583333333333 0.03981481481481482
4 0.25885416666666666 0.7222222222222222 0.096875 0.13333333333333333
4 0.36015625 0.9449074074074074 0.09114583333333333 0.10833333333333334
4 0.44479166666666664 0.7824074074074074 0.09375 0.14629629629629629
4 0.46640625 0.986574074074074 0.049479166666666664 0.025
4 0.3265625 0.825925925925926 0.06979166666666667 0.12222222222222222
4 0.5026041666666666 0.9305555555555556 0.07395833333333333 0.08703703703703704
4 0.5557291666666667 0.8546296296296296 0.084375 0.09074074074074075
4 0.2890625 0.75 0.08229166666666667 0.18518518518518517
5 0.6083333333333333 0.9416666666666667 0.06041666666666667 0.11296296296296296