4 0.27447916666666666 0.8870370370370371 0.08854166666666667 0.18518518518518517
4 0.09270833333333334 0.5703703703703704 0.05625 0.23703703703703705
4 0.14375 0.8861111111111111 0.09791666666666667 0.12037037037037036
4 0.14010416666666667 0.6898148148148148 0.05520833333333333 0.12407407407407407
4 0.10052083333333334 0.6990740740740741 0.06145833333333333 0.22037037037037038
4 0.24427083333333333 0.8277777777777777 0.103125 0.14814814814814814
4 0.27578125 0.9652777777777778 0.0890625 0.06759259259259259
4 0.14739583333333334 0.9425925925925925 0.071875 0.08518518518518518
4 0.22135416666666666 0.5425925925925926 0.078125 0.2962962962962963
4 0.203125 0.5462962962962963 0.0625 0.2074074074074074
5 0.6083333333333333 0.9416666666666667 0.06041666666666667 0.11296296296296296