4 0.06041666666666667 0.3888888888888889 0.07083333333333333 0.040740740740740744
4 0.044270833333333336 0.8472222222222222 0.06145833333333333 0.046296296296296294
5 0.609375 0.9527777777777777 0.08333333333333333 0.09074074074074075
4 0.10572916666666667 0.7268518518518519 0.07395833333333333 0.046296296296296294
4 0.034895833333333334 0.4398148148148148 0.06145833333333333 0.053703703703703705
4 0.06354166666666666 0.5083333333333333 0.0625 0.04259259259259259
4 0.034375 0.5694444444444444 0.06458333333333334 0.053703703703703705
4 0.030729166666666665 0.6185185185185185 0.059375 0.044444444444444446
4 0.03697916666666667 0.7185185185185186 0.03229166666666667 0.04814814814814815
4 0.028645833333333332 0.6583333333333333 0.057291666666666664 0.03148148148148148
4 0.07708333333333334 0.6657407407407407 0.058333333333333334 0.03148148148148148