4 0.2171875 0.549074074074074 0.057291666666666664 0.04259259259259259
4 0.1671875 0.775 0.05520833333333333 0.07222222222222222
4 0.15833333333333333 0.6722222222222223 0.03958333333333333 0.03333333333333333
4 0.2203125 0.7277777777777777 0.07604166666666666 0.05925925925925926
4 0.19427083333333334 0.600925925925926 0.07395833333333333 0.053703703703703705
4 0.16614583333333333 0.7935185185185185 0.04895833333333333 0.03518518518518519
4 0.3338541666666667 0.7620370370370371 0.07395833333333333 0.05
4 0.2598958333333333 0.8296296296296296 0.04479166666666667 0.03333333333333333
5 0.6041666666666666 0.9527777777777777 0.08333333333333333 0.09074074074074075
4 0.3421875 0.44074074074074077 0.071875 0.06666666666666667
4 0.2375 0.46296296296296297 0.06666666666666667 0.044444444444444446
4 0.25 0.6712962962962963 0.075 0.05740740740740741
4 0.309375 0.49537037037037035 0.07708333333333334 0.053703703703703705
4 0.2828125 0.8314814814814815 0.057291666666666664 0.040740740740740744
4 0.21770833333333334 0.7398148148148148 0.06458333333333334 0.04259259259259259
4 0.3729166666666667 0.575925925925926 0.07708333333333334 0.08148148148148149
4 0.259375 0.7564814814814815 0.04583333333333333 0.03518518518518519
4 0.2630208333333333 0.6314814814814815 0.051041666666666666 0.05185185185185185
4 0.21302083333333333 0.6814814814814815 0.042708333333333334 0.02962962962962963