5 0.471875 0.8925925925925926 0.04583333333333333 0.08518518518518518
4 0.7546875 0.7157407407407408 0.06770833333333333 0.07962962962962963
4 0.6354166666666666 0.787962962962963 0.06041666666666667 0.09074074074074075
0 0.553125 0.9388888888888889 0.03958333333333333 0.06666666666666667
4 0.640625 0.8490740740740741 0.06041666666666667 0.17962962962962964
4 0.7427083333333333 0.825925925925926 0.05625 0.15555555555555556
4 0.8333333333333334 0.8611111111111112 0.025 0.07037037037037037
4 0.5903645833333333 0.9745370370370371 0.03697916666666667 0.049074074074074076
4 0.6645833333333333 0.8546296296296296 0.029166666666666667 0.09444444444444444
4 0.6796875 0.8546296296296296 0.06145833333333333 0.07962962962962963
4 0.7859375 0.812037037037037 0.04895833333333333 0.05
4 0.803125 0.7240740740740741 0.052083333333333336 0.05185185185185185
4 0.6442708333333333 0.9537037037037037 0.06145833333333333 0.06296296296296296