4 0.21354166666666666 0.7379629629629629 0.07083333333333333 0.14629629629629629
4 0.1640625 0.9527777777777777 0.057291666666666664 0.08333333333333333
4 0.17760416666666667 0.8361111111111111 0.09895833333333333 0.1388888888888889
4 0.23177083333333334 0.8842592592592593 0.103125 0.1685185185185185
4 0.3125 0.899074074074074 0.09791666666666667 0.10555555555555556
4 0.37890625 0.9337962962962963 0.1265625 0.13055555555555556
4 0.06510416666666667 0.7796296296296297 0.07604166666666666 0.1962962962962963
4 0.22473958333333333 0.9782407407407407 0.06822916666666666 0.041666666666666664
4 0.346875 0.65 0.12708333333333333 0.2222222222222222
4 0.019270833333333334 0.925 0.036458333333333336 0.1425925925925926
5 0.6083333333333333 0.9416666666666667 0.06041666666666667 0.11296296296296296