4 0.5208333333333334 0.28425925925925927 0.05416666666666667 0.03518518518518519
4 0.4890625 0.3509259259259259 0.071875 0.03518518518518519
4 0.48489583333333336 0.42592592592592593 0.046875 0.02962962962962963
4 0.5286458333333334 0.4527777777777778 0.042708333333333334 0.03148148148148148
4 0.5291666666666667 0.425 0.04791666666666667 0.04259259259259259
4 0.5385416666666667 0.3037037037037037 0.06875 0.02962962962962963
4 0.4953125 0.36944444444444446 0.06145833333333333 0.03888888888888889
4 0.5026041666666666 0.5296296296296297 0.053125 0.02962962962962963
4 0.5598958333333334 0.41944444444444445 0.059375 0.03888888888888889
4 0.5208333333333334 0.43333333333333335 0.035416666666666666 0.022222222222222223
5 0.6041666666666666 0.9527777777777777 0.08333333333333333 0.09074074074074075
4 0.6317708333333333 0.2351851851851852 0.04479166666666667 0.04814814814814815
4 0.5541666666666667 0.23425925925925925 0.04375 0.03148148148148148
4 0.5869791666666667 0.35185185185185186 0.042708333333333334 0.02962962962962963
4 0.6692708333333334 0.2833333333333333 0.04479166666666667 0.044444444444444446
4 0.6567708333333333 0.34814814814814815 0.034375 0.02962962962962963
4 0.553125 0.4685185185185185 0.052083333333333336 0.037037037037037035
4 0.6125 0.33240740740740743 0.027083333333333334 0.04259259259259259
4 0.5901041666666667 0.43703703703703706 0.019791666666666666 0.025925925925925925
4 0.5828125 0.4675925925925926 0.026041666666666668 0.03148148148148148