4 0.22083333333333333 0.5148148148148148 0.052083333333333336 0.05555555555555555
4 0.18177083333333333 0.6435185185185185 0.059375 0.07592592592592592
4 0.19583333333333333 0.5944444444444444 0.04375 0.05185185185185185
4 0.23541666666666666 0.7092592592592593 0.07708333333333334 0.05555555555555555
4 0.225 0.5287037037037037 0.06666666666666667 0.06111111111111111
4 0.19010416666666666 0.7037037037037037 0.05520833333333333 0.044444444444444446
4 0.3578125 0.7240740740740741 0.07395833333333333 0.044444444444444446
4 0.2755208333333333 0.8046296296296296 0.046875 0.03888888888888889
5 0.6041666666666666 0.9527777777777777 0.08333333333333333 0.09074074074074075
4 0.3984375 0.4046296296296296 0.078125 0.053703703703703705
4 0.2546875 0.4009259259259259 0.06979166666666667 0.03888888888888889
4 0.2864583333333333 0.6240740740740741 0.08333333333333333 0.04814814814814815
4 0.309375 0.44722222222222224 0.07083333333333333 0.05
4 0.3171875 0.7675925925925926 0.057291666666666664 0.05
4 0.228125 0.7175925925925926 0.06458333333333334 0.04259259259259259
4 0.3932291666666667 0.5435185185185185 0.071875 0.05740740740740741
4 0.27291666666666664 0.7416666666666667 0.04583333333333333 0.046296296296296294
4 0.2677083333333333 0.5953703703703703 0.05 0.03888888888888889
4 0.246875 0.6453703703703704 0.04375 0.027777777777777776