4 0.33697916666666666 0.6453703703703704 0.103125 0.09074074074074075
4 0.334375 0.46944444444444444 0.12291666666666666 0.13148148148148148
4 0.5015625 0.6759259259259259 0.10729166666666666 0.14444444444444443
4 0.1984375 0.6824074074074075 0.10104166666666667 0.10555555555555556
4 0.2640625 0.7185185185185186 0.11354166666666667 0.14074074074074075
4 0.15885416666666666 0.75 0.103125 0.13703703703703704
4 0.353125 0.8342592592592593 0.12708333333333333 0.17222222222222222
4 0.32864583333333336 0.7805555555555556 0.090625 0.07962962962962963
4 0.20364583333333333 0.850925925925926 0.121875 0.1685185185185185
4 0.253125 0.9259259259259259 0.10625 0.13703703703703704
4 0.25 0.8203703703703704 0.0875 0.13703703703703704
4 0.4479166666666667 0.5935185185185186 0.13541666666666666 0.14629629629629629
4 0.403125 0.9629629629629629 0.0625 0.05925925925925926
4 0.22083333333333333 0.5981481481481481 0.125 0.13333333333333333
4 0.4473958333333333 0.5518518518518518 0.11354166666666667 0.14814814814814814
5 0.6083333333333333 0.9416666666666667 0.06041666666666667 0.11296296296296296