5 0.471875 0.8925925925925926 0.04583333333333333 0.08518518518518518
4 0.75625 0.6981481481481482 0.06875 0.06666666666666667
4 0.6635416666666667 0.7462962962962963 0.0625 0.12222222222222222
4 0.5817708333333333 0.9046296296296297 0.090625 0.17222222222222222
4 0.7125 0.8925925925925926 0.08125 0.1111111111111111
4 0.80625 0.9064814814814814 0.027083333333333334 0.09814814814814815
4 0.8359375 0.8722222222222222 0.026041666666666668 0.1
4 0.5888020833333333 0.9708333333333333 0.0609375 0.05648148148148148
4 0.5682291666666667 0.9268518518518518 0.017708333333333333 0.1425925925925926
4 0.7307291666666667 0.8111111111111111 0.08229166666666667 0.04814814814814815
4 0.828125 0.7425925925925926 0.07083333333333333 0.06296296296296296