4 0.14947916666666666 0.75 0.03229166666666667 0.022222222222222223
4 0.0953125 0.6666666666666666 0.04895833333333333 0.025925925925925925
4 0.08072916666666667 0.6194444444444445 0.028125 0.020370370370370372
5 0.46510416666666665 0.9185185185185185 0.06145833333333333 0.1259259259259259
4 0.09479166666666666 0.8277777777777777 0.04583333333333333 0.02962962962962963
4 0.0375 0.7944444444444444 0.03125 0.018518518518518517
0 0.6010416666666667 0.9092592592592592 0.041666666666666664 0.05555555555555555
4 0.030208333333333334 0.9361111111111111 0.0375 0.027777777777777776
4 0.0640625 0.8203703703703704 0.023958333333333335 0.025925925925925925
4 0.016145833333333335 0.7268518518518519 0.019791666666666666 0.024074074074074074
4 0.078125 0.48703703703703705 0.014583333333333334 0.022222222222222223