5 0.471875 0.8925925925925926 0.04583333333333333 0.08518518518518518
4 0.7552083333333334 0.7157407407407408 0.06666666666666667 0.07962962962962963
4 0.6354166666666666 0.7851851851851852 0.06041666666666667 0.09259259259259259
0 0.5526041666666667 0.9398148148148148 0.03854166666666667 0.06481481481481481
4 0.6375 0.8490740740740741 0.06041666666666667 0.17962962962962964
4 0.7411458333333333 0.8277777777777777 0.057291666666666664 0.15555555555555556
4 0.8333333333333334 0.8611111111111112 0.025 0.07037037037037037
4 0.5893229166666667 0.9726851851851852 0.03697916666666667 0.05277777777777778
4 0.6619791666666667 0.85 0.028125 0.0962962962962963
4 0.6786458333333333 0.8490740740740741 0.06145833333333333 0.07962962962962963
4 0.7875 0.812037037037037 0.052083333333333336 0.05
4 0.8036458333333333 0.7212962962962963 0.051041666666666666 0.05
4 0.6432291666666666 0.95 0.06145833333333333 0.06296296296296296