5 0.45260416666666664 0.9333333333333333 0.07395833333333333 0.10740740740740741
0 0.6473958333333333 0.8055555555555556 0.04479166666666667 0.05555555555555555
4 0.0140625 0.7305555555555555 0.028125 0.024074074074074074
4 0.04375 0.7722222222222223 0.0625 0.02962962962962963
4 0.019791666666666666 0.7064814814814815 0.03958333333333333 0.027777777777777776
4 0.058854166666666666 0.5675925925925925 0.07395833333333333 0.046296296296296294
4 0.0234375 0.8083333333333333 0.046875 0.03148148148148148
4 0.027083333333333334 0.8703703703703703 0.05416666666666667 0.040740740740740744
4 0.04739583333333333 0.5157407407407407 0.065625 0.04259259259259259
4 0.015104166666666667 0.7527777777777778 0.030208333333333334 0.020370370370370372
4 0.0421875 0.36944444444444446 0.028125 0.11296296296296296