4 0.21979166666666666 0.5268518518518519 0.052083333333333336 0.053703703703703705
4 0.18177083333333333 0.6620370370370371 0.059375 0.07222222222222222
4 0.19010416666666666 0.6092592592592593 0.04479166666666667 0.04814814814814815
4 0.23125 0.7166666666666667 0.07708333333333334 0.04814814814814815
4 0.2203125 0.5453703703703704 0.06770833333333333 0.05740740740740741
4 0.18177083333333333 0.7212962962962963 0.051041666666666666 0.04259259259259259
4 0.3567708333333333 0.7305555555555555 0.07395833333333333 0.05
4 0.27395833333333336 0.8064814814814815 0.04583333333333333 0.03518518518518519
5 0.6041666666666666 0.9527777777777777 0.08333333333333333 0.09074074074074075
4 0.37916666666666665 0.4148148148148148 0.075 0.037037037037037035
4 0.24895833333333334 0.4046296296296296 0.07083333333333333 0.04259259259259259
4 0.278125 0.6296296296296297 0.08125 0.04814814814814815
4 0.30833333333333335 0.4564814814814815 0.07083333333333333 0.05
4 0.30885416666666665 0.7824074074074074 0.057291666666666664 0.05
4 0.225 0.7212962962962963 0.06458333333333334 0.04259259259259259
4 0.390625 0.5527777777777778 0.07083333333333333 0.05740740740740741
4 0.27291666666666664 0.7416666666666667 0.04583333333333333 0.046296296296296294
4 0.2677083333333333 0.5990740740740741 0.058333333333333334 0.046296296296296294
4 0.24010416666666667 0.6518518518518519 0.042708333333333334 0.025925925925925925