5 0.471875 0.8925925925925926 0.04583333333333333 0.08518518518518518
4 0.7515625 0.7046296296296296 0.065625 0.08703703703703704
4 0.6604166666666667 0.7509259259259259 0.0625 0.12407407407407407
4 0.5869791666666667 0.8944444444444445 0.08645833333333333 0.17407407407407408
4 0.7130208333333333 0.887962962962963 0.08229166666666667 0.11666666666666667
4 0.8072916666666666 0.8916666666666667 0.027083333333333334 0.09814814814814815
4 0.8348958333333333 0.8666666666666667 0.026041666666666668 0.08518518518518518
4 0.5877604166666667 0.9671296296296297 0.0609375 0.06388888888888888
4 0.58125 0.9101851851851852 0.01875 0.1425925925925926
4 0.7223958333333333 0.8092592592592592 0.08854166666666667 0.05185185185185185
4 0.6919270833333333 0.9745370370370371 0.04635416666666667 0.049074074074074076
4 0.83125 0.7379629629629629 0.07083333333333333 0.05740740740740741