5 0.471875 0.8925925925925926 0.04583333333333333 0.08518518518518518
4 0.7546875 0.7166666666666667 0.065625 0.08518518518518518
4 0.6354166666666666 0.7805555555555556 0.06041666666666667 0.09444444444444444
0 0.5526041666666667 0.9407407407407408 0.036458333333333336 0.06296296296296296
4 0.634375 0.8472222222222222 0.06041666666666667 0.17962962962962964
4 0.7375 0.8314814814814815 0.058333333333333334 0.15925925925925927
4 0.8333333333333334 0.8611111111111112 0.025 0.07037037037037037
4 0.5856770833333333 0.9717592592592592 0.0421875 0.05462962962962963
4 0.6572916666666667 0.8462962962962963 0.027083333333333334 0.0962962962962963
4 0.6755208333333333 0.8416666666666667 0.06145833333333333 0.07962962962962963
4 0.7885416666666667 0.812037037037037 0.058333333333333334 0.05
4 0.8052083333333333 0.7185185185185186 0.05 0.04814814814814815
4 0.6416666666666667 0.9444444444444444 0.06041666666666667 0.06296296296296296