4 0.5114583333333333 0.29907407407407405 0.05625 0.03888888888888889
4 0.46197916666666666 0.34074074074074073 0.05520833333333333 0.02962962962962963
4 0.47291666666666665 0.42407407407407405 0.05625 0.02962962962962963
4 0.5244791666666667 0.44722222222222224 0.053125 0.03888888888888889
4 0.5317708333333333 0.29814814814814816 0.05520833333333333 0.02962962962962963
4 0.484375 0.375 0.06458333333333334 0.03148148148148148
4 0.4942708333333333 0.5287037037037037 0.06145833333333333 0.027777777777777776
4 0.49895833333333334 0.475 0.035416666666666666 0.024074074074074074
5 0.6041666666666666 0.9527777777777777 0.08333333333333333 0.09074074074074075
4 0.6359375 0.2490740740740741 0.04479166666666667 0.04259259259259259
4 0.5494791666666666 0.23796296296296296 0.053125 0.03148148148148148
4 0.5697916666666667 0.3592592592592593 0.0375 0.037037037037037035
4 0.6578125 0.3055555555555556 0.04479166666666667 0.044444444444444446
4 0.6390625 0.36574074074074076 0.034375 0.04259259259259259
4 0.5390625 0.4787037037037037 0.053125 0.046296296296296294
4 0.6109375 0.3398148148148148 0.028125 0.03518518518518519
4 0.5786458333333333 0.4462962962962963 0.036458333333333336 0.02962962962962963
4 0.5791666666666667 0.4925925925925926 0.0375 0.037037037037037035