4 0.2708333333333333 0.33055555555555555 0.0625 0.04259259259259259
4 0.24739583333333334 0.45740740740740743 0.06145833333333333 0.06296296296296296
4 0.2609375 0.40555555555555556 0.03854166666666667 0.044444444444444446
4 0.3067708333333333 0.537962962962963 0.04479166666666667 0.05
4 0.3026041666666667 0.5777777777777777 0.06354166666666666 0.07777777777777778
4 0.3072916666666667 0.36203703703703705 0.06666666666666667 0.06481481481481481
4 0.24479166666666666 0.5925925925925926 0.05 0.06666666666666667
4 0.3921875 0.5518518518518518 0.04479166666666667 0.07777777777777778
4 0.3609375 0.65 0.05520833333333333 0.05555555555555555
5 0.6041666666666666 0.9527777777777777 0.08333333333333333 0.09074074074074075
4 0.45416666666666666 0.25 0.07916666666666666 0.040740740740740744
4 0.36666666666666664 0.15185185185185185 0.06666666666666667 0.06666666666666667
4 0.3614583333333333 0.4759259259259259 0.07291666666666667 0.08148148148148149
4 0.4322916666666667 0.3111111111111111 0.07083333333333333 0.040740740740740744
4 0.44375 0.5685185185185185 0.0625 0.04814814814814815
4 0.28854166666666664 0.662962962962963 0.06041666666666667 0.037037037037037035
4 0.45625 0.4305555555555556 0.07083333333333333 0.06111111111111111
4 0.321875 0.6148148148148148 0.03125 0.025925925925925925
4 0.32083333333333336 0.4527777777777778 0.04791666666666667 0.05