4 0.3645833333333333 0.2759259259259259 0.06875 0.037037037037037035
4 0.365625 0.2953703703703704 0.06666666666666667 0.04259259259259259
4 0.35520833333333335 0.44537037037037036 0.06041666666666667 0.03148148148148148
4 0.3697916666666667 0.487962962962963 0.06458333333333334 0.03888888888888889
4 0.37552083333333336 0.5351851851851852 0.059375 0.05185185185185185
4 0.4088541666666667 0.31666666666666665 0.06979166666666667 0.037037037037037035
4 0.3359375 0.3972222222222222 0.06770833333333333 0.06481481481481481
4 0.38177083333333334 0.5527777777777778 0.03854166666666667 0.04259259259259259
4 0.4739583333333333 0.5194444444444445 0.06041666666666667 0.03148148148148148
5 0.6041666666666666 0.9527777777777777 0.08333333333333333 0.09074074074074075
4 0.5505208333333333 0.26481481481481484 0.07395833333333333 0.03333333333333333
4 0.4588541666666667 0.44074074074074077 0.06145833333333333 0.040740740740740744
4 0.5604166666666667 0.3111111111111111 0.05625 0.02962962962962963
4 0.5171875 0.4583333333333333 0.053125 0.04259259259259259
4 0.39791666666666664 0.5916666666666667 0.06458333333333334 0.046296296296296294
4 0.5114583333333333 0.35648148148148145 0.06458333333333334 0.053703703703703705
4 0.428125 0.44074074074074077 0.04583333333333333 0.03333333333333333
4 0.45677083333333335 0.49907407407407406 0.05520833333333333 0.046296296296296294
4 0.43333333333333335 0.4824074074074074 0.052083333333333336 0.03148148148148148