4 0.26875 0.3416666666666667 0.0625 0.046296296296296294
4 0.2421875 0.47129629629629627 0.06770833333333333 0.06481481481481481
4 0.25729166666666664 0.4148148148148148 0.03958333333333333 0.044444444444444446
4 0.3125 0.5555555555555556 0.04375 0.040740740740740744
4 0.3 0.5879629629629629 0.06875 0.09074074074074075
4 0.303125 0.37962962962962965 0.06875 0.06666666666666667
4 0.24479166666666666 0.6064814814814815 0.05 0.06111111111111111
4 0.3984375 0.5444444444444444 0.04479166666666667 0.09259259259259259
4 0.3572916666666667 0.6611111111111111 0.05 0.07037037037037037
5 0.6041666666666666 0.9527777777777777 0.08333333333333333 0.09074074074074075
4 0.4505208333333333 0.24537037037037038 0.07395833333333333 0.04259259259259259
4 0.3619791666666667 0.16018518518518518 0.071875 0.08333333333333333
4 0.35520833333333335 0.48055555555555557 0.07291666666666667 0.07222222222222222
4 0.42552083333333335 0.30833333333333335 0.065625 0.04259259259259259
4 0.440625 0.5722222222222222 0.058333333333333334 0.044444444444444446
4 0.28541666666666665 0.6722222222222223 0.07083333333333333 0.040740740740740744
4 0.4557291666666667 0.42592592592592593 0.06979166666666667 0.06296296296296296
4 0.3229166666666667 0.6305555555555555 0.0375 0.03518518518518519
4 0.3145833333333333 0.4666666666666667 0.052083333333333336 0.05555555555555555