4 0.34010416666666665 0.7379629629629629 0.08645833333333333 0.10555555555555556
4 0.3 0.7333333333333333 0.13333333333333333 0.08148148148148149
4 0.4427083333333333 0.6666666666666666 0.14583333333333334 0.08518518518518518
4 0.5807291666666666 0.8268518518518518 0.14479166666666668 0.10185185185185185
4 0.265625 0.8675925925925926 0.11666666666666667 0.07592592592592592
4 0.46197916666666666 0.8731481481481481 0.10520833333333333 0.06111111111111111
4 0.3177083333333333 0.9148148148148149 0.10625 0.07407407407407407
4 0.20286458333333332 0.950462962962963 0.1078125 0.09722222222222222
4 0.5153645833333333 0.9791666666666666 0.11822916666666666 0.03981481481481482
4 0.32057291666666665 0.9736111111111111 0.1015625 0.05092592592592592
4 0.46041666666666664 0.9231481481481482 0.14375 0.07222222222222222
4 0.21197916666666666 0.7944444444444444 0.115625 0.10740740740740741
4 0.4921875 0.7935185185185185 0.13020833333333334 0.10185185185185185
5 0.6083333333333333 0.9416666666666667 0.06041666666666667 0.11296296296296296