5 0.45260416666666664 0.9333333333333333 0.07395833333333333 0.10740740740740741
0 0.6416666666666667 0.8018518518518518 0.041666666666666664 0.04814814814814815
4 0.0171875 0.725 0.034375 0.020370370370370372
4 0.010416666666666666 0.8222222222222222 0.020833333333333332 0.022222222222222223
4 0.04791666666666667 0.7157407407407408 0.0625 0.053703703703703705
4 0.033854166666666664 0.6342592592592593 0.06770833333333333 0.03148148148148148
4 0.03177083333333333 0.8703703703703703 0.06145833333333333 0.044444444444444446
4 0.05677083333333333 0.9462962962962963 0.08645833333333333 0.04814814814814815
4 0.04583333333333333 0.6388888888888888 0.05416666666666667 0.02962962962962963
4 0.0828125 0.8138888888888889 0.08229166666666667 0.04259259259259259
4 0.015625 0.49537037037037035 0.03125 0.05740740740740741