4 0.5114583333333333 0.2972222222222222 0.05625 0.03888888888888889
4 0.4666666666666667 0.3425925925925926 0.058333333333333334 0.02962962962962963
4 0.4734375 0.42962962962962964 0.053125 0.02962962962962963
4 0.5265625 0.4425925925925926 0.053125 0.044444444444444446
4 0.5317708333333333 0.29814814814814816 0.05520833333333333 0.02962962962962963
4 0.48802083333333335 0.3768518518518518 0.05520833333333333 0.03148148148148148
4 0.49270833333333336 0.5305555555555556 0.058333333333333334 0.027777777777777776
4 0.5041666666666667 0.4703703703703704 0.035416666666666666 0.022222222222222223
5 0.6041666666666666 0.9527777777777777 0.08333333333333333 0.09074074074074075
4 0.6359375 0.24444444444444444 0.04479166666666667 0.044444444444444446
4 0.55 0.23796296296296296 0.052083333333333336 0.03148148148148148
4 0.5723958333333333 0.35833333333333334 0.04479166666666667 0.03518518518518519
4 0.6619791666666667 0.3 0.04479166666666667 0.044444444444444446
4 0.6390625 0.36574074074074076 0.034375 0.04259259259259259
4 0.5453125 0.475 0.053125 0.046296296296296294
4 0.6109375 0.3398148148148148 0.028125 0.03518518518518519
4 0.5786458333333333 0.44351851851851853 0.034375 0.027777777777777776
4 0.5791666666666667 0.4925925925925926 0.0375 0.037037037037037035