4 0.13489583333333333 0.5166666666666667 0.071875 0.03333333333333333
4 0.17916666666666667 0.9518518518518518 0.05625 0.03333333333333333
5 0.609375 0.9527777777777777 0.08333333333333333 0.09074074074074075
4 0.17760416666666667 0.8027777777777778 0.08229166666666667 0.05
4 0.08958333333333333 0.5611111111111111 0.06041666666666667 0.040740740740740744
4 0.12135416666666667 0.6333333333333333 0.06770833333333333 0.037037037037037035
4 0.06822916666666666 0.7185185185185186 0.065625 0.037037037037037035
4 0.09895833333333333 0.762962962962963 0.058333333333333334 0.037037037037037035
4 0.058333333333333334 0.8870370370370371 0.041666666666666664 0.06296296296296296
4 0.0921875 0.7861111111111111 0.06770833333333333 0.03148148148148148
4 0.11510416666666666 0.812962962962963 0.04895833333333333 0.037037037037037035