5 0.471875 0.8925925925925926 0.04583333333333333 0.08518518518518518
4 0.7552083333333334 0.7157407407407408 0.06875 0.07592592592592592
4 0.6354166666666666 0.787962962962963 0.058333333333333334 0.09074074074074075
0 0.5546875 0.9407407407407408 0.040625 0.06666666666666667
4 0.6416666666666667 0.8490740740740741 0.05625 0.17592592592592593
4 0.7447916666666666 0.8287037037037037 0.05625 0.1537037037037037
4 0.8333333333333334 0.8611111111111112 0.025 0.07037037037037037
4 0.58984375 0.9763888888888889 0.033854166666666664 0.04537037037037037
4 0.6671875 0.8574074074074074 0.028125 0.09259259259259259
4 0.6802083333333333 0.8564814814814815 0.06041666666666667 0.07962962962962963
4 0.7854166666666667 0.812037037037037 0.04583333333333333 0.05
4 0.8015625 0.725 0.053125 0.053703703703703705
4 0.6458333333333334 0.9574074074074074 0.0625 0.06666666666666667