4 0.14010416666666667 0.6425925925925926 0.06979166666666667 0.03333333333333333
4 0.052083333333333336 0.7574074074074074 0.052083333333333336 0.044444444444444446
4 0.24010416666666667 0.9824074074074074 0.06145833333333333 0.03148148148148148
5 0.609375 0.9527777777777777 0.08333333333333333 0.09074074074074075
4 0.25416666666666665 0.8185185185185185 0.08541666666666667 0.044444444444444446
4 0.121875 0.6212962962962963 0.06041666666666667 0.053703703703703705
4 0.18802083333333333 0.725925925925926 0.06979166666666667 0.02962962962962963
4 0.05572916666666667 0.924074074074074 0.06979166666666667 0.05925925925925926
4 0.16927083333333334 0.8574074074074074 0.059375 0.02962962962962963
4 0.10885416666666667 0.7814814814814814 0.07395833333333333 0.037037037037037035
4 0.065625 0.8138888888888889 0.05416666666666667 0.03888888888888889
4 0.225 0.8787037037037037 0.052083333333333336 0.03148148148148148
4 0.11875 0.8379629629629629 0.052083333333333336 0.03518518518518519
4 0.11041666666666666 0.9231481481481482 0.04791666666666667 0.027777777777777776
4 0.14583333333333334 0.9092592592592592 0.04791666666666667 0.037037037037037035