5 0.471875 0.8925925925925926 0.04583333333333333 0.08518518518518518
4 0.7505208333333333 0.7092592592592593 0.065625 0.1
4 0.6390625 0.7685185185185185 0.057291666666666664 0.1037037037037037
0 0.5520833333333334 0.9407407407407408 0.035416666666666666 0.06296296296296296
4 0.6197916666666666 0.8490740740740741 0.05625 0.1648148148148148
4 0.7270833333333333 0.8555555555555555 0.06875 0.14074074074074075
4 0.8333333333333334 0.8611111111111112 0.025 0.07037037037037037
4 0.5830729166666667 0.9569444444444445 0.05572916666666667 0.08425925925925926
4 0.6401041666666667 0.8481481481481481 0.017708333333333333 0.0962962962962963
4 0.6760416666666667 0.8083333333333333 0.06458333333333334 0.08703703703703704
4 0.7875 0.8009259259259259 0.058333333333333334 0.07222222222222222
4 0.646875 0.9333333333333333 0.06666666666666667 0.08148148148148149
4 0.8244791666666667 0.7101851851851851 0.065625 0.053703703703703705