5 0.45260416666666664 0.9333333333333333 0.07395833333333333 0.10740740740740741
0 0.6432291666666666 0.8055555555555556 0.04479166666666667 0.05555555555555555
4 0.0125 0.7287037037037037 0.025 0.020370370370370372
4 0.025 0.7685185185185185 0.05 0.018518518518518517
4 0.016145833333333335 0.7101851851851851 0.03229166666666667 0.027777777777777776
4 0.041666666666666664 0.562037037037037 0.075 0.03518518518518519
4 0.022916666666666665 0.8305555555555556 0.04583333333333333 0.027777777777777776
4 0.0296875 0.8777777777777778 0.059375 0.05185185185185185
4 0.03203125 0.9773148148148149 0.0640625 0.04351851851851852
4 0.028645833333333332 0.5287037037037037 0.057291666666666664 0.03888888888888889
4 0.030729166666666665 0.7527777777777778 0.059375 0.03148148148148148
4 0.04583333333333333 0.36203703703703705 0.06458333333333334 0.06851851851851852