4 0.3484375 0.6981481481481482 0.115625 0.08148148148148149
4 0.2682291666666667 0.5953703703703703 0.11770833333333333 0.14629629629629629
4 0.40208333333333335 0.5120370370370371 0.1375 0.12407407407407407
4 0.5442708333333334 0.7592592592592593 0.134375 0.1037037037037037
4 0.23489583333333333 0.7416666666666667 0.12604166666666666 0.09814814814814815
4 0.43854166666666666 0.7907407407407407 0.08958333333333333 0.07777777777777778
4 0.290625 0.8018518518518518 0.10416666666666667 0.1259259259259259
4 0.16666666666666666 0.887962962962963 0.125 0.09814814814814815
4 0.4078125 0.8722222222222222 0.12604166666666666 0.16666666666666666
4 0.3098958333333333 0.8777777777777778 0.09479166666666666 0.0962962962962963
4 0.19635416666666666 0.9055555555555556 0.14895833333333333 0.15185185185185185
4 0.25234375 0.9773148148148149 0.0859375 0.04351851851851852
4 0.43802083333333336 0.7194444444444444 0.13229166666666667 0.1537037037037037
4 0.42630208333333336 0.9699074074074074 0.04635416666666667 0.058333333333333334
4 0.20833333333333334 0.7027777777777777 0.09791666666666667 0.16111111111111112
5 0.6083333333333333 0.9416666666666667 0.06041666666666667 0.11296296296296296