4 0.22395833333333334 0.4740740740740741 0.04583333333333333 0.04814814814814815
4 0.18645833333333334 0.5574074074074075 0.0625 0.08888888888888889
4 0.22083333333333333 0.5324074074074074 0.052083333333333336 0.05740740740740741
4 0.33229166666666665 0.6564814814814814 0.04791666666666667 0.03148148148148148
4 0.28125 0.6546296296296297 0.052083333333333336 0.05
4 0.23697916666666666 0.4740740740740741 0.065625 0.07777777777777778
4 0.22083333333333333 0.6694444444444444 0.052083333333333336 0.05
4 0.39010416666666664 0.6666666666666666 0.06770833333333333 0.06666666666666667
4 0.28177083333333336 0.7944444444444444 0.05520833333333333 0.04814814814814815
5 0.6041666666666666 0.9527777777777777 0.08333333333333333 0.09074074074074075
4 0.4239583333333333 0.33796296296296297 0.06666666666666667 0.04259259259259259
4 0.2942708333333333 0.3453703703703704 0.06354166666666666 0.046296296296296294
4 0.321875 0.5953703703703703 0.07916666666666666 0.046296296296296294
4 0.34427083333333336 0.38055555555555554 0.06979166666666667 0.05
4 0.35 0.7175925925925926 0.05625 0.05740740740740741
4 0.2375 0.7046296296296296 0.06458333333333334 0.05740740740740741
4 0.41458333333333336 0.48148148148148145 0.06666666666666667 0.06296296296296296
4 0.2859375 0.7185185185185186 0.053125 0.044444444444444446
4 0.275 0.5972222222222222 0.05 0.027777777777777776
4 0.271875 0.6351851851851852 0.058333333333333334 0.02962962962962963