4 0.3416666666666667 0.7703703703703704 0.09166666666666666 0.07407407407407407
4 0.3333333333333333 0.8490740740740741 0.13125 0.05
4 0.45729166666666665 0.75 0.13333333333333333 0.11851851851851852
4 0.5416666666666666 0.8666666666666667 0.13125 0.11481481481481481
4 0.2671875 0.9333333333333333 0.12395833333333334 0.09259259259259259
4 0.44947916666666665 0.9314814814814815 0.090625 0.06666666666666667
4 0.5010416666666667 0.9231481481481482 0.13125 0.12037037037037036
4 0.23072916666666668 0.8537037037037037 0.12604166666666666 0.08888888888888889
4 0.5130208333333334 0.812962962962963 0.13020833333333334 0.11851851851851852
4 0.3572916666666667 0.987037037037037 0.11875 0.022222222222222223
5 0.6083333333333333 0.9416666666666667 0.06041666666666667 0.11296296296296296