4 0.321875 0.25555555555555554 0.04583333333333333 0.040740740740740744
4 0.3302083333333333 0.3 0.05 0.06296296296296296
4 0.34322916666666664 0.5037037037037037 0.065625 0.044444444444444446
4 0.36041666666666666 0.549074074074074 0.06875 0.05740740740740741
4 0.3807291666666667 0.3055555555555556 0.07395833333333333 0.044444444444444446
4 0.303125 0.41574074074074074 0.06458333333333334 0.06851851851851852
4 0.37604166666666666 0.5694444444444444 0.04583333333333333 0.04259259259259259
4 0.44375 0.5574074074074075 0.05416666666666667 0.06296296296296296
5 0.6041666666666666 0.9527777777777777 0.08333333333333333 0.09074074074074075
4 0.5208333333333334 0.2638888888888889 0.07291666666666667 0.04259259259259259
4 0.4473958333333333 0.19444444444444445 0.057291666666666664 0.025925925925925925
4 0.4348958333333333 0.4583333333333333 0.071875 0.05
4 0.5427083333333333 0.3074074074074074 0.075 0.02962962962962963
4 0.5010416666666667 0.4759259259259259 0.05416666666666667 0.05185185185185185
4 0.3776041666666667 0.6046296296296296 0.07604166666666666 0.04259259259259259
4 0.48125 0.38055555555555554 0.07083333333333333 0.08703703703703704
4 0.40677083333333336 0.45 0.05520833333333333 0.02962962962962963
4 0.42239583333333336 0.5453703703703704 0.051041666666666666 0.046296296296296294
4 0.409375 0.4962962962962963 0.06458333333333334 0.03333333333333333