4 0.2171875 0.549074074074074 0.057291666666666664 0.04259259259259259
4 0.16822916666666668 0.775 0.05520833333333333 0.07222222222222222
4 0.15833333333333333 0.674074074074074 0.03958333333333333 0.03333333333333333
4 0.21927083333333333 0.7351851851851852 0.07604166666666666 0.05925925925925926
4 0.19322916666666667 0.6027777777777777 0.07395833333333333 0.053703703703703705
4 0.16614583333333333 0.7935185185185185 0.04895833333333333 0.03518518518518519
4 0.3307291666666667 0.7638888888888888 0.07395833333333333 0.05
4 0.25885416666666666 0.8351851851851851 0.04479166666666667 0.03333333333333333
5 0.6041666666666666 0.9527777777777777 0.08333333333333333 0.09074074074074075
4 0.34010416666666665 0.4425925925925926 0.071875 0.06666666666666667
4 0.23645833333333333 0.4685185185185185 0.06666666666666667 0.044444444444444446
4 0.24791666666666667 0.6731481481481482 0.075 0.05740740740740741
4 0.3104166666666667 0.49722222222222223 0.07708333333333334 0.053703703703703705
4 0.2828125 0.8333333333333334 0.057291666666666664 0.040740740740740744
4 0.215625 0.7490740740740741 0.06458333333333334 0.04259259259259259
4 0.3697916666666667 0.5777777777777777 0.07708333333333334 0.08148148148148149
4 0.25833333333333336 0.7638888888888888 0.04583333333333333 0.03518518518518519
4 0.26510416666666664 0.6351851851851852 0.051041666666666666 0.05185185185185185
4 0.2109375 0.6851851851851852 0.042708333333333334 0.02962962962962963