4 0.328125 0.6333333333333333 0.09791666666666667 0.14074074074074075
4 0.4947916666666667 0.7953703703703704 0.09375 0.10555555555555556
4 0.27239583333333334 0.7583333333333333 0.096875 0.12037037037037036
4 0.20416666666666666 0.887962962962963 0.03958333333333333 0.06851851851851852
4 0.2760416666666667 0.8092592592592592 0.14166666666666666 0.15925925925925927
4 0.38385416666666666 0.6712962962962963 0.103125 0.10925925925925926
4 0.25703125 0.9458333333333333 0.0890625 0.10648148148148148
4 0.24427083333333333 0.6361111111111111 0.10729166666666666 0.12407407407407407
4 0.3502604166666667 0.950462962962963 0.09010416666666667 0.09722222222222222
4 0.2265625 0.8527777777777777 0.03854166666666667 0.07222222222222222
4 0.3463541666666667 0.8953703703703704 0.078125 0.11296296296296296
4 0.4317708333333333 0.7305555555555555 0.09479166666666666 0.1685185185185185
4 0.44765625 0.9763888888888889 0.0578125 0.04537037037037037
4 0.3067708333333333 0.8027777777777778 0.078125 0.12407407407407407
4 0.471875 0.9333333333333333 0.08958333333333333 0.12222222222222222
4 0.2421875 0.6990740740740741 0.090625 0.19074074074074074
5 0.6083333333333333 0.9416666666666667 0.06041666666666667 0.11296296296296296