4 0.5432291666666667 0.24259259259259258 0.051041666666666666 0.05555555555555555
4 0.5208333333333334 0.34629629629629627 0.052083333333333336 0.044444444444444446
4 0.5223958333333333 0.387037037037037 0.034375 0.03333333333333333
4 0.5463541666666667 0.43333333333333335 0.04479166666666667 0.025925925925925925
4 0.5598958333333334 0.375 0.04895833333333333 0.05
4 0.5635416666666667 0.2962962962962963 0.03958333333333333 0.03333333333333333
4 0.5291666666666667 0.3453703703703704 0.04375 0.024074074074074074
4 0.5401041666666667 0.49166666666666664 0.04895833333333333 0.03518518518518519
4 0.5822916666666667 0.39537037037037037 0.0375 0.027777777777777776
4 0.5614583333333333 0.4148148148148148 0.035416666666666666 0.022222222222222223
5 0.603125 0.9527777777777777 0.08541666666666667 0.09074074074074075
4 0.6322916666666667 0.22037037037037038 0.035416666666666666 0.03333333333333333
4 0.6182291666666667 0.3277777777777778 0.04479166666666667 0.037037037037037035
4 0.6755208333333333 0.2833333333333333 0.04479166666666667 0.040740740740740744
4 0.6890625 0.37222222222222223 0.028125 0.025925925925925925
4 0.5932291666666667 0.43703703703703706 0.019791666666666666 0.025925925925925925