4 0.3026041666666667 0.2537037037037037 0.06145833333333333 0.06296296296296296
4 0.2953125 0.3435185185185185 0.05520833333333333 0.08333333333333333
4 0.29583333333333334 0.3925925925925926 0.04791666666666667 0.04814814814814815
4 0.3203125 0.5055555555555555 0.06354166666666666 0.044444444444444446
4 0.3302083333333333 0.5527777777777778 0.06666666666666667 0.06851851851851852
4 0.3421875 0.2953703703703704 0.071875 0.06111111111111111
4 0.26927083333333335 0.45740740740740743 0.06145833333333333 0.09259259259259259
4 0.3765625 0.5685185185185185 0.051041666666666666 0.04814814814814815
4 0.4036458333333333 0.6018518518518519 0.06145833333333333 0.037037037037037035
5 0.6041666666666666 0.9527777777777777 0.08333333333333333 0.09074074074074075
4 0.4822916666666667 0.28425925925925927 0.07291666666666667 0.03518518518518519
4 0.4109375 0.15462962962962962 0.05520833333333333 0.03148148148148148
4 0.3859375 0.4824074074074074 0.071875 0.046296296296296294
4 0.5015625 0.3287037037037037 0.071875 0.03148148148148148
4 0.48541666666666666 0.5194444444444445 0.052083333333333336 0.046296296296296294
4 0.346875 0.6129629629629629 0.07708333333333334 0.040740740740740744
4 0.46197916666666666 0.4166666666666667 0.065625 0.07407407407407407
4 0.3848958333333333 0.4361111111111111 0.06354166666666666 0.03148148148148148
4 0.3723958333333333 0.4925925925925926 0.04895833333333333 0.025925925925925925