4 0.16666666666666666 0.687962962962963 0.06875 0.027777777777777776
4 0.11145833333333334 0.7074074074074074 0.0375 0.044444444444444446
4 0.15104166666666666 0.9018518518518519 0.04583333333333333 0.040740740740740744
4 0.328125 0.9481481481481482 0.058333333333333334 0.037037037037037035
5 0.609375 0.9527777777777777 0.08333333333333333 0.09074074074074075
4 0.2791666666666667 0.7490740740740741 0.075 0.03518518518518519
4 0.18802083333333333 0.6435185185185185 0.059375 0.027777777777777776
4 0.18645833333333334 0.9046296296296297 0.06458333333333334 0.03888888888888889
4 0.23854166666666668 0.7296296296296296 0.05625 0.03333333333333333
4 0.12708333333333333 0.962037037037037 0.06875 0.03888888888888889
4 0.228125 0.8240740740740741 0.052083333333333336 0.03333333333333333
4 0.15989583333333332 0.7814814814814814 0.078125 0.037037037037037035
4 0.184375 0.9333333333333333 0.04791666666666667 0.025925925925925925