4 0.13541666666666666 0.6055555555555555 0.06875 0.025925925925925925
4 0.016666666666666666 0.712037037037037 0.03125 0.03888888888888889
4 0.23177083333333334 0.9833333333333333 0.06145833333333333 0.022222222222222223
5 0.609375 0.9527777777777777 0.08333333333333333 0.09074074074074075
4 0.21354166666666666 0.825925925925926 0.08541666666666667 0.044444444444444446
4 0.10729166666666666 0.612037037037037 0.06041666666666667 0.04259259259259259
4 0.17604166666666668 0.6888888888888889 0.075 0.02962962962962963
4 0.03697916666666667 0.8935185185185185 0.065625 0.05
4 0.09895833333333333 0.7675925925925926 0.07083333333333333 0.03888888888888889
4 0.030208333333333334 0.8 0.04375 0.06296296296296296
4 0.203125 0.8703703703703703 0.06041666666666667 0.03333333333333333
4 0.11458333333333333 0.8 0.058333333333333334 0.040740740740740744
4 0.0859375 0.9185185185185185 0.026041666666666668 0.05925925925925926
4 0.12916666666666668 0.8592592592592593 0.06666666666666667 0.04814814814814815