4 0.0921875 0.4222222222222222 0.07604166666666666 0.03333333333333333
4 0.090625 0.9018518518518519 0.058333333333333334 0.040740740740740744
5 0.609375 0.9527777777777777 0.08333333333333333 0.09074074074074075
4 0.15833333333333333 0.7472222222222222 0.07083333333333333 0.05740740740740741
4 0.04583333333333333 0.4935185185185185 0.0625 0.04259259259259259
4 0.07239583333333334 0.5583333333333333 0.065625 0.046296296296296294
4 0.034895833333333334 0.6185185185185185 0.065625 0.040740740740740744
4 0.053125 0.6861111111111111 0.05416666666666667 0.03888888888888889
4 0.020833333333333332 0.8305555555555556 0.03958333333333333 0.03888888888888889
4 0.04010416666666667 0.7101851851851851 0.057291666666666664 0.03148148148148148
4 0.09427083333333333 0.7240740740740741 0.04895833333333333 0.037037037037037035