5 0.45260416666666664 0.9333333333333333 0.07395833333333333 0.10740740740740741
0 0.6411458333333333 0.8055555555555556 0.04479166666666667 0.05555555555555555
4 0.0125 0.7287037037037037 0.025 0.016666666666666666
4 0.015104166666666667 0.787962962962963 0.030208333333333334 0.024074074074074074
4 0.018229166666666668 0.7231481481481481 0.036458333333333336 0.03148148148148148
4 0.03177083333333333 0.575925925925926 0.06354166666666666 0.02962962962962963
4 0.025520833333333333 0.8518518518518519 0.051041666666666666 0.025925925925925925
4 0.028125 0.8675925925925926 0.05625 0.046296296296296294
4 0.04375 0.9722222222222222 0.08125 0.04814814814814815
4 0.025520833333333333 0.5583333333333333 0.051041666666666666 0.027777777777777776
4 0.0453125 0.7620370370370371 0.07395833333333333 0.03518518518518519
4 0.025 0.39444444444444443 0.05 0.08518518518518518