4 0.4046875 0.2814814814814815 0.07604166666666666 0.040740740740740744
4 0.384375 0.30648148148148147 0.06458333333333334 0.024074074074074074
4 0.3796875 0.4425925925925926 0.05520833333333333 0.03333333333333333
4 0.40729166666666666 0.4824074074074074 0.06458333333333334 0.05740740740740741
4 0.4432291666666667 0.30092592592592593 0.06770833333333333 0.03518518518518519
4 0.36666666666666664 0.3990740740740741 0.06666666666666667 0.046296296296296294
4 0.3953125 0.5185185185185185 0.034375 0.037037037037037035
4 0.4973958333333333 0.5148148148148148 0.059375 0.02962962962962963
5 0.6041666666666666 0.9527777777777777 0.08333333333333333 0.09074074074074075
4 0.5796875 0.2796296296296296 0.071875 0.02962962962962963
4 0.5338541666666666 0.1925925925925926 0.06354166666666666 0.025925925925925925
4 0.48385416666666664 0.40925925925925927 0.06145833333333333 0.04814814814814815
4 0.5984375 0.325 0.065625 0.03148148148148148
4 0.5447916666666667 0.43703703703703706 0.04583333333333333 0.044444444444444446
4 0.421875 0.5601851851851852 0.06458333333333334 0.06111111111111111
4 0.5453125 0.3435185185185185 0.06979166666666667 0.046296296296296294
4 0.48385416666666664 0.4740740740740741 0.051041666666666666 0.037037037037037035
4 0.4578125 0.4537037037037037 0.053125 0.037037037037037035