4 0.23229166666666667 0.42777777777777776 0.05625 0.06666666666666667
4 0.19635416666666666 0.5314814814814814 0.059375 0.07037037037037037
4 0.23958333333333334 0.5138888888888888 0.04583333333333333 0.03888888888888889
4 0.3375 0.6388888888888888 0.05416666666666667 0.025925925925925925
4 0.26927083333333335 0.6453703703703704 0.046875 0.08333333333333333
4 0.25364583333333335 0.462037037037037 0.07395833333333333 0.053703703703703705
4 0.23541666666666666 0.6472222222222223 0.052083333333333336 0.05740740740740741
4 0.4036458333333333 0.5962962962962963 0.065625 0.07407407407407407
4 0.2947916666666667 0.787962962962963 0.05416666666666667 0.03888888888888889
5 0.6041666666666666 0.9527777777777777 0.08333333333333333 0.09074074074074075
4 0.4395833333333333 0.28425925925925927 0.075 0.06481481481481481
4 0.3140625 0.2935185185185185 0.053125 0.053703703703703705
4 0.32916666666666666 0.5694444444444444 0.07083333333333333 0.03888888888888889
4 0.39375 0.32314814814814813 0.07291666666666667 0.046296296296296294
4 0.396875 0.6203703703703703 0.06666666666666667 0.07777777777777778
4 0.25104166666666666 0.687037037037037 0.058333333333333334 0.05925925925925926
4 0.44375 0.42592592592592593 0.07083333333333333 0.08148148148148149
4 0.303125 0.7046296296296296 0.04583333333333333 0.03888888888888889
4 0.2833333333333333 0.5907407407407408 0.04583333333333333 0.03333333333333333