4 0.14479166666666668 0.7777777777777778 0.03333333333333333 0.022222222222222223
4 0.10989583333333333 0.6972222222222222 0.046875 0.027777777777777776
4 0.10052083333333334 0.6342592592592593 0.028125 0.020370370370370372
4 0.08802083333333334 0.5074074074074074 0.034375 0.025925925925925925
5 0.46510416666666665 0.9185185185185185 0.06145833333333333 0.1259259259259259
4 0.09791666666666667 0.8351851851851851 0.04583333333333333 0.025925925925925925
4 0.059375 0.8185185185185185 0.027083333333333334 0.018518518518518517
0 0.6010416666666667 0.9092592592592592 0.041666666666666664 0.05555555555555555
4 0.029166666666666667 0.9601851851851851 0.0375 0.027777777777777776
4 0.075 0.8203703703703704 0.025 0.022222222222222223
4 0.01875 0.8888888888888888 0.03333333333333333 0.04814814814814815
4 0.034895833333333334 0.7351851851851852 0.023958333333333335 0.02962962962962963
4 0.0140625 0.5564814814814815 0.028125 0.024074074074074074
4 0.013541666666666667 0.6175925925925926 0.027083333333333334 0.024074074074074074