4 0.39114583333333336 0.7185185185185186 0.078125 0.1
4 0.525 0.8277777777777777 0.09583333333333334 0.08888888888888889
4 0.2578125 0.9657407407407408 0.023958333333333335 0.046296296296296294
4 0.31875 0.9157407407407407 0.11875 0.1388888888888889
4 0.46041666666666664 0.7287037037037037 0.1 0.10185185185185185
4 0.2942708333333333 0.7759259259259259 0.07395833333333333 0.0962962962962963
4 0.40859375 0.9513888888888888 0.0796875 0.09537037037037037
4 0.45989583333333334 0.8546296296296296 0.09479166666666666 0.12777777777777777
4 0.37864583333333335 0.9111111111111111 0.08020833333333334 0.08518518518518518
4 0.3723958333333333 0.8305555555555556 0.065625 0.10185185185185185
4 0.54375 0.9203703703703704 0.0875 0.08148148148148149
4 0.49947916666666664 0.8712962962962963 0.04479166666666667 0.046296296296296294
4 0.5567708333333333 0.8666666666666667 0.084375 0.08518518518518518
4 0.3229166666666667 0.7925925925925926 0.0875 0.13333333333333333
5 0.6083333333333333 0.9416666666666667 0.06041666666666667 0.11296296296296296