4 0.4796875 0.2962962962962963 0.06145833333333333 0.03333333333333333
4 0.440625 0.32314814814814813 0.05416666666666667 0.027777777777777776
4 0.45364583333333336 0.41574074074074074 0.053125 0.03518518518518519
4 0.49270833333333336 0.43796296296296294 0.06666666666666667 0.03518518518518519
4 0.4895833333333333 0.4388888888888889 0.07291666666666667 0.037037037037037035
4 0.5078125 0.30092592592592593 0.05520833333333333 0.027777777777777776
4 0.45208333333333334 0.36574074074074076 0.058333333333333334 0.046296296296296294
4 0.4609375 0.5027777777777778 0.046875 0.027777777777777776
4 0.4744791666666667 0.4601851851851852 0.04479166666666667 0.027777777777777776
5 0.6041666666666666 0.9527777777777777 0.08333333333333333 0.09074074074074075
4 0.6510416666666666 0.26481481481481484 0.05416666666666667 0.037037037037037035
4 0.546875 0.23981481481481481 0.05625 0.027777777777777776
4 0.5541666666666667 0.39166666666666666 0.06458333333333334 0.05
4 0.6515625 0.31666666666666665 0.04479166666666667 0.044444444444444446
4 0.6260416666666667 0.38055555555555554 0.0375 0.03888888888888889
4 0.5614583333333333 0.5277777777777778 0.0375 0.02962962962962963
4 0.49270833333333336 0.49537037037037035 0.05416666666666667 0.05740740740740741
4 0.6109375 0.3398148148148148 0.028125 0.03518518518518519
4 0.5755208333333334 0.45 0.051041666666666666 0.03333333333333333