4 0.2989583333333333 0.2564814814814815 0.06666666666666667 0.06851851851851852
4 0.2869791666666667 0.36203703703703705 0.06145833333333333 0.07222222222222222
4 0.29322916666666665 0.39166666666666666 0.053125 0.046296296296296294
4 0.31302083333333336 0.5055555555555555 0.06354166666666666 0.044444444444444446
4 0.325 0.5546296296296296 0.06666666666666667 0.07222222222222222
4 0.33541666666666664 0.2962962962962963 0.07291666666666667 0.06666666666666667
4 0.2630208333333333 0.4666666666666667 0.06354166666666666 0.0962962962962963
4 0.378125 0.5712962962962963 0.052083333333333336 0.053703703703703705
4 0.3963541666666667 0.6074074074074074 0.06145833333333333 0.037037037037037035
5 0.6041666666666666 0.9527777777777777 0.08333333333333333 0.09074074074074075
4 0.48020833333333335 0.2814814814814815 0.07291666666666667 0.037037037037037035
4 0.4114583333333333 0.14444444444444443 0.058333333333333334 0.03333333333333333
4 0.3807291666666667 0.48333333333333334 0.071875 0.044444444444444446
4 0.49114583333333334 0.33055555555555555 0.071875 0.03148148148148148
4 0.47291666666666665 0.5305555555555556 0.05 0.04259259259259259
4 0.334375 0.6111111111111112 0.06666666666666667 0.040740740740740744
4 0.46197916666666666 0.4166666666666667 0.065625 0.07407407407407407
4 0.3848958333333333 0.4361111111111111 0.06354166666666666 0.03148148148148148
4 0.3703125 0.49074074074074076 0.04895833333333333 0.02962962962962963