5 0.471875 0.8925925925925926 0.04583333333333333 0.08518518518518518
4 0.7505208333333333 0.7074074074074074 0.065625 0.1
4 0.6442708333333333 0.7611111111111111 0.051041666666666666 0.1
0 0.5526041666666667 0.9407407407407408 0.036458333333333336 0.06666666666666667
4 0.6114583333333333 0.8601851851851852 0.05416666666666667 0.1425925925925926
4 0.7203125 0.875 0.071875 0.12037037037037036
4 0.8333333333333334 0.8611111111111112 0.025 0.07037037037037037
4 0.58359375 0.9569444444444445 0.0546875 0.08425925925925926
4 0.625 0.8592592592592593 0.01875 0.1
4 0.6802083333333333 0.8018518518518518 0.07083333333333333 0.08888888888888889
4 0.7864583333333334 0.799074074074074 0.05416666666666667 0.08333333333333333
4 0.6604166666666667 0.9425925925925925 0.06666666666666667 0.08148148148148149
4 0.8276041666666667 0.7175925925925926 0.065625 0.05740740740740741