4 0.55 0.23425925925925925 0.04791666666666667 0.04259259259259259
4 0.53125 0.32407407407407407 0.058333333333333334 0.05185185185185185
4 0.5223958333333333 0.37777777777777777 0.034375 0.03333333333333333
4 0.5453125 0.4305555555555556 0.046875 0.027777777777777776
4 0.5692708333333333 0.3731481481481482 0.040625 0.03148148148148148
4 0.5677083333333334 0.30277777777777776 0.03958333333333333 0.03148148148148148
4 0.5348958333333333 0.34629629629629627 0.04895833333333333 0.02962962962962963
4 0.5557291666666667 0.48055555555555557 0.057291666666666664 0.027777777777777776
4 0.584375 0.40370370370370373 0.035416666666666666 0.025925925925925925
4 0.6088541666666667 0.4722222222222222 0.04479166666666667 0.025925925925925925
4 0.5875 0.42407407407407405 0.035416666666666666 0.022222222222222223
5 0.603125 0.9527777777777777 0.08125 0.09074074074074075
4 0.6395833333333333 0.22962962962962963 0.03125 0.025925925925925925
4 0.5958333333333333 0.11666666666666667 0.041666666666666664 0.040740740740740744
4 0.628125 0.33611111111111114 0.03333333333333333 0.03148148148148148
4 0.6994791666666667 0.37962962962962965 0.028125 0.025925925925925925