4 0.16979166666666667 0.6638888888888889 0.0625 0.027777777777777776
4 0.1234375 0.7055555555555556 0.04895833333333333 0.040740740740740744
4 0.15729166666666666 0.8787037037037037 0.04583333333333333 0.05
4 0.3536458333333333 0.9157407407407407 0.05520833333333333 0.04259259259259259
5 0.609375 0.9527777777777777 0.08333333333333333 0.09074074074074075
4 0.27760416666666665 0.7212962962962963 0.071875 0.03518518518518519
4 0.17135416666666667 0.6620370370370371 0.06770833333333333 0.03888888888888889
4 0.19583333333333333 0.8935185185185185 0.06458333333333334 0.03888888888888889
4 0.25625 0.7074074074074074 0.05625 0.03333333333333333
4 0.13802083333333334 0.9537037037037037 0.065625 0.037037037037037035
4 0.3140625 0.7935185185185185 0.040625 0.05740740740740741
4 0.23333333333333334 0.8157407407407408 0.052083333333333336 0.04259259259259259
4 0.165625 0.7768518518518519 0.06875 0.03148148148148148
4 0.19427083333333334 0.9296296296296296 0.042708333333333334 0.025925925925925925