5 0.471875 0.8925925925925926 0.04583333333333333 0.08518518518518518
4 0.7515625 0.7074074074074074 0.065625 0.1
4 0.6395833333333333 0.7675925925925926 0.05625 0.10555555555555556
0 0.5526041666666667 0.9407407407407408 0.036458333333333336 0.06666666666666667
4 0.6197916666666666 0.8472222222222222 0.058333333333333334 0.1648148148148148
4 0.728125 0.8574074074074074 0.06875 0.14074074074074075
4 0.8333333333333334 0.8611111111111112 0.025 0.07037037037037037
4 0.5830729166666667 0.9550925925925926 0.0578125 0.08796296296296297
4 0.6380208333333334 0.8518518518518519 0.017708333333333333 0.1
4 0.6755208333333333 0.8064814814814815 0.065625 0.08703703703703704
4 0.7875 0.799074074074074 0.058333333333333334 0.07592592592592592
4 0.6479166666666667 0.9333333333333333 0.06875 0.08518518518518518
4 0.8255208333333334 0.7101851851851851 0.065625 0.053703703703703705