4 0.4640625 0.2722222222222222 0.065625 0.040740740740740744
4 0.42552083333333335 0.3148148148148148 0.057291666666666664 0.02962962962962963
4 0.4322916666666667 0.4166666666666667 0.05416666666666667 0.02962962962962963
4 0.4666666666666667 0.425 0.06875 0.046296296296296294
4 0.4671875 0.42407407407407405 0.06979166666666667 0.05185185185185185
4 0.49270833333333336 0.3 0.06458333333333334 0.02962962962962963
4 0.4348958333333333 0.3648148148148148 0.06770833333333333 0.06296296296296296
4 0.4270833333333333 0.5037037037037037 0.04375 0.03333333333333333
4 0.5390625 0.5351851851851852 0.05520833333333333 0.02962962962962963
4 0.4557291666666667 0.46944444444444444 0.04479166666666667 0.027777777777777776
5 0.6041666666666666 0.9527777777777777 0.08333333333333333 0.09074074074074075
4 0.6473958333333333 0.26666666666666666 0.059375 0.037037037037037035
4 0.5458333333333333 0.23333333333333334 0.06041666666666667 0.025925925925925925
4 0.5369791666666667 0.40555555555555556 0.06770833333333333 0.02962962962962963
4 0.6494791666666667 0.3277777777777778 0.04479166666666667 0.044444444444444446
4 0.5973958333333333 0.4222222222222222 0.036458333333333336 0.037037037037037035
4 0.465625 0.5111111111111111 0.05416666666666667 0.05555555555555555
4 0.5979166666666667 0.35648148148148145 0.035416666666666666 0.03518518518518519
4 0.5552083333333333 0.4648148148148148 0.06041666666666667 0.03333333333333333
4 0.49114583333333334 0.4462962962962963 0.051041666666666666 0.040740740740740744