4 0.3484375 0.7212962962962963 0.11145833333333334 0.10925925925925926
4 0.2859375 0.6157407407407407 0.103125 0.11666666666666667
4 0.4166666666666667 0.5666666666666667 0.15208333333333332 0.1
4 0.5697916666666667 0.7851851851851852 0.1375 0.11481481481481481
4 0.2453125 0.7712962962962963 0.11979166666666667 0.11666666666666667
4 0.29270833333333335 0.8342592592592593 0.08958333333333333 0.10925925925925926
4 0.1875 0.9185185185185185 0.12083333333333333 0.1111111111111111
4 0.434375 0.925 0.12708333333333333 0.12407407407407407
4 0.30520833333333336 0.925 0.09375 0.07962962962962963
4 0.19505208333333332 0.9476851851851852 0.13802083333333334 0.10277777777777777
4 0.42291666666666666 0.8037037037037037 0.10625 0.1037037037037037
4 0.20052083333333334 0.7314814814814815 0.09270833333333334 0.14444444444444443
4 0.4739583333333333 0.7361111111111112 0.13333333333333333 0.09814814814814815
5 0.6083333333333333 0.9416666666666667 0.06041666666666667 0.11296296296296296