4 0.2171875 0.5472222222222223 0.057291666666666664 0.04259259259259259
4 0.18385416666666668 0.7212962962962963 0.05520833333333333 0.07222222222222222
4 0.16770833333333332 0.6518518518518519 0.03958333333333333 0.03333333333333333
4 0.2234375 0.7222222222222222 0.07604166666666666 0.05925925925925926
4 0.20364583333333333 0.5805555555555556 0.07395833333333333 0.053703703703703705
4 0.16927083333333334 0.775 0.04895833333333333 0.03518518518518519
4 0.34427083333333336 0.7509259259259259 0.07395833333333333 0.05
4 0.2630208333333333 0.8185185185185185 0.04479166666666667 0.03333333333333333
5 0.6041666666666666 0.9527777777777777 0.08333333333333333 0.09074074074074075
4 0.35572916666666665 0.42962962962962964 0.071875 0.05555555555555555
4 0.23958333333333334 0.44074074074074077 0.06666666666666667 0.044444444444444446
4 0.26458333333333334 0.6453703703703704 0.075 0.05740740740740741
4 0.3125 0.4787037037037037 0.07708333333333334 0.053703703703703705
4 0.2859375 0.8277777777777777 0.057291666666666664 0.040740740740740744
4 0.21770833333333334 0.7324074074074074 0.06458333333333334 0.04259259259259259
4 0.37916666666666665 0.5685185185185185 0.07708333333333334 0.08148148148148149
4 0.26458333333333334 0.7527777777777778 0.04583333333333333 0.03518518518518519
4 0.26197916666666665 0.6166666666666667 0.051041666666666666 0.05185185185185185
4 0.21927083333333333 0.6666666666666666 0.042708333333333334 0.02962962962962963