4 0.3458333333333333 0.46574074074074073 0.09583333333333334 0.13518518518518519
4 0.4942708333333333 0.7 0.08854166666666667 0.14814814814814814
4 0.19635416666666666 0.7111111111111111 0.10104166666666667 0.12222222222222222
4 0.4239583333333333 0.7518518518518519 0.07083333333333333 0.1
4 0.2859375 0.7222222222222222 0.090625 0.14444444444444443
4 0.14895833333333333 0.7962962962962963 0.10208333333333333 0.14074074074074075
4 0.28541666666666665 0.8268518518518518 0.10833333333333334 0.22777777777777777
4 0.3458333333333333 0.7 0.07083333333333333 0.1
4 0.22916666666666666 0.8842592592592593 0.10208333333333333 0.19814814814814816
4 0.23854166666666668 0.5694444444444444 0.11666666666666667 0.12407407407407407
4 0.29791666666666666 0.9120370370370371 0.10416666666666667 0.1425925925925926
4 0.4192708333333333 0.5953703703703703 0.096875 0.19444444444444445
4 0.3890625 0.9351851851851852 0.071875 0.1037037037037037
4 0.4119791666666667 0.9435185185185185 0.08645833333333333 0.07592592592592592
4 0.19895833333333332 0.5703703703703704 0.11666666666666667 0.16296296296296298
4 0.4901041666666667 0.6444444444444445 0.065625 0.12222222222222222
5 0.6083333333333333 0.9416666666666667 0.06041666666666667 0.11296296296296296