4 0.20364583333333333 0.5787037037037037 0.057291666666666664 0.04259259259259259
4 0.15625 0.7018518518518518 0.03958333333333333 0.03333333333333333
4 0.21614583333333334 0.8537037037037037 0.05520833333333333 0.040740740740740744
4 0.18072916666666666 0.6694444444444444 0.07395833333333333 0.053703703703703705
4 0.1640625 0.8101851851851852 0.04895833333333333 0.03518518518518519
4 0.3078125 0.7657407407407407 0.07395833333333333 0.05
4 0.24635416666666668 0.8722222222222222 0.04479166666666667 0.03333333333333333
5 0.6041666666666666 0.9527777777777777 0.08333333333333333 0.09074074074074075
4 0.3171875 0.4981481481481482 0.071875 0.08518518518518518
4 0.23020833333333332 0.5111111111111111 0.06666666666666667 0.044444444444444446
4 0.23645833333333333 0.7342592592592593 0.075 0.05740740740740741
4 0.3020833333333333 0.5435185185185185 0.05625 0.053703703703703705
4 0.2796875 0.8888888888888888 0.057291666666666664 0.040740740740740744
4 0.21354166666666666 0.8231481481481482 0.075 0.053703703703703705
4 0.3541666666666667 0.6018518518518519 0.07708333333333334 0.08148148148148149
4 0.26197916666666665 0.6759259259259259 0.051041666666666666 0.05185185185185185
4 0.19635416666666666 0.7222222222222222 0.042708333333333334 0.02962962962962963