4 0.26197916666666665 0.362962962962963 0.059375 0.04814814814814815
4 0.22916666666666666 0.49444444444444446 0.06458333333333334 0.05555555555555555
4 0.24895833333333334 0.4388888888888889 0.03958333333333333 0.04814814814814815
4 0.31979166666666664 0.587037037037037 0.03958333333333333 0.044444444444444446
4 0.2890625 0.6268518518518519 0.065625 0.06851851851851852
4 0.2911458333333333 0.412962962962963 0.06979166666666667 0.05555555555555555
4 0.24322916666666666 0.6222222222222222 0.04479166666666667 0.05555555555555555
4 0.41770833333333335 0.5287037037037037 0.04791666666666667 0.10555555555555556
4 0.3463541666666667 0.7083333333333334 0.046875 0.06111111111111111
5 0.6041666666666666 0.9527777777777777 0.08333333333333333 0.09074074074074075
4 0.45 0.23981481481481481 0.075 0.053703703703703705
4 0.340625 0.20462962962962963 0.05625 0.06851851851851852
4 0.3489583333333333 0.49166666666666664 0.07291666666666667 0.08703703703703704
4 0.421875 0.30277777777777776 0.07291666666666667 0.053703703703703705
4 0.4328125 0.5768518518518518 0.065625 0.05740740740740741
4 0.27708333333333335 0.6759259259259259 0.06666666666666667 0.037037037037037035
4 0.45208333333333334 0.42407407407407405 0.07083333333333333 0.07777777777777778
4 0.32447916666666665 0.6509259259259259 0.023958333333333335 0.020370370370370372
4 0.2984375 0.5027777777777778 0.040625 0.046296296296296294