4 0.534375 0.2777777777777778 0.052083333333333336 0.03333333333333333
4 0.5010416666666667 0.3574074074074074 0.06666666666666667 0.040740740740740744
4 0.5046875 0.4009259259259259 0.04895833333333333 0.03518518518518519
4 0.5390625 0.43703703703703706 0.051041666666666666 0.02962962962962963
4 0.540625 0.4 0.052083333333333336 0.040740740740740744
4 0.5557291666666667 0.30648148148148147 0.051041666666666666 0.03148148148148148
4 0.503125 0.36666666666666664 0.06041666666666667 0.03333333333333333
4 0.5203125 0.5074074074074074 0.04895833333333333 0.02962962962962963
4 0.5708333333333333 0.4027777777777778 0.041666666666666664 0.03518518518518519
4 0.53125 0.40925925925925927 0.035416666666666666 0.022222222222222223
5 0.6041666666666666 0.9527777777777777 0.08333333333333333 0.09074074074074075
4 0.6296875 0.2222222222222222 0.04479166666666667 0.04814814814814815
4 0.5661458333333333 0.20925925925925926 0.036458333333333336 0.025925925925925925
4 0.5901041666666667 0.3416666666666667 0.042708333333333334 0.027777777777777776
4 0.6723958333333333 0.2777777777777778 0.04479166666666667 0.044444444444444446
4 0.6630208333333333 0.35648148148148145 0.03229166666666667 0.027777777777777776
4 0.5557291666666667 0.4666666666666667 0.04479166666666667 0.03333333333333333
4 0.5901041666666667 0.43703703703703706 0.019791666666666666 0.025925925925925925