4 0.2953125 0.8870370370370371 0.08645833333333333 0.1814814814814815
4 0.10260416666666666 0.5814814814814815 0.057291666666666664 0.23703703703703705
4 0.15260416666666668 0.8925925925925926 0.103125 0.1037037037037037
4 0.0984375 0.7712962962962963 0.030208333333333334 0.07592592592592592
4 0.12708333333333333 0.700925925925926 0.07291666666666667 0.22037037037037038
4 0.2484375 0.8305555555555556 0.103125 0.1537037037037037
4 0.29244791666666664 0.9560185185185185 0.0953125 0.08611111111111111
4 0.15833333333333333 0.9518518518518518 0.075 0.08888888888888889
4 0.24322916666666666 0.5925925925925926 0.08645833333333333 0.22962962962962963
4 0.234375 0.5509259259259259 0.07916666666666666 0.2388888888888889
5 0.6083333333333333 0.9416666666666667 0.06041666666666667 0.11296296296296296