4 0.36666666666666664 0.6759259259259259 0.10208333333333333 0.11481481481481481
4 0.5166666666666667 0.8175925925925925 0.10208333333333333 0.10925925925925926
4 0.2609375 0.8916666666666667 0.078125 0.09074074074074075
4 0.28229166666666666 0.9 0.1125 0.15555555555555556
4 0.4239583333333333 0.7 0.08958333333333333 0.1259259259259259
4 0.29296875 0.9726851851851852 0.07135416666666666 0.05277777777777778
4 0.2671875 0.7453703703703703 0.08854166666666667 0.10555555555555556
4 0.3736979166666667 0.9402777777777778 0.08697916666666666 0.1175925925925926
4 0.4515625 0.8027777777777778 0.090625 0.14629629629629629
4 0.46640625 0.9828703703703704 0.0515625 0.032407407407407406
4 0.34010416666666665 0.8222222222222222 0.06979166666666667 0.0962962962962963
4 0.50625 0.9222222222222223 0.09166666666666666 0.1037037037037037
4 0.5598958333333334 0.8685185185185185 0.08229166666666667 0.07777777777777778
4 0.30104166666666665 0.775 0.08541666666666667 0.1648148148148148
5 0.6083333333333333 0.9416666666666667 0.06041666666666667 0.11296296296296296