4 0.35104166666666664 0.6768518518518518 0.11666666666666667 0.07592592592592592
4 0.24739583333333334 0.6148148148148148 0.10104166666666667 0.11851851851851852
4 0.3921875 0.4935185185185185 0.140625 0.13148148148148148
4 0.5322916666666667 0.7277777777777777 0.125 0.0962962962962963
4 0.22604166666666667 0.7361111111111112 0.12916666666666668 0.10925925925925926
4 0.4401041666666667 0.7796296296296297 0.084375 0.07777777777777778
4 0.284375 0.7907407407407407 0.11041666666666666 0.1037037037037037
4 0.1578125 0.8648148148148148 0.11770833333333333 0.1
4 0.3927083333333333 0.8583333333333333 0.10833333333333334 0.14629629629629629
4 0.3151041666666667 0.8555555555555555 0.096875 0.0962962962962963
4 0.20572916666666666 0.8861111111111111 0.15520833333333334 0.13518518518518519
4 0.24244791666666668 0.9625 0.1015625 0.07314814814814814
4 0.43697916666666664 0.6759259259259259 0.128125 0.14074074074074075
4 0.4231770833333333 0.9680555555555556 0.050520833333333334 0.062037037037037036
4 0.2125 0.6916666666666667 0.11041666666666666 0.1574074074074074
5 0.6083333333333333 0.9416666666666667 0.06041666666666667 0.11296296296296296